36061000100	40.69278210060	-74.04372858180
36061000201	40.71247579350	-73.98593319810
36061000202	40.71200070070	-73.98164429160
36061000500	40.68880469370	-74.01908974540
36061000600	40.71225066220	-73.98963691890
36061000700	40.70616020170	-74.00868093140
36061000800	40.71189577330	-73.99453193240
36061000900	40.70392136380	-74.01153413460
36061001001	40.71456348230	-73.97813234060
36061001002	40.71750348270	-73.97759018030
36061001200	40.71590687600	-73.98209370100
36061001300	40.70911551160	-74.01306951230
36061001401	40.71516049150	-73.98733220590
36061001402	40.71751330020	-73.98588164350
36061001501	40.70950023190	-74.00423790560
36061001502	40.70812539980	-74.00672552490
36061001600	40.71595742240	-73.99326405150
36061001800	40.71897638570	-73.99077648290
36061002000	40.72056510300	-73.97639061970
36061002100	40.71434916860	-74.01011855940
36061002201	40.71911576940	-73.98184426130
36061002202	40.72125969580	-73.98114118360
36061002400	40.72206282090	-73.97405830790
36061002500	40.71035441570	-73.99845911620
36061002601	40.72258504950	-73.97993035100
36061002602	40.72439035670	-73.97861568990
36061002700	40.71255374420	-73.99901359620
36061002800	40.72686140250	-73.97681138120
36061002900	40.71363811880	-74.00065152930
36061003001	40.72101439380	-73.98685119320
36061003002	40.72296014780	-73.98585599470
36061003100	40.71528890840	-74.00385564530
36061003200	40.72555342160	-73.98370855000
36061003300	40.71886220830	-74.00614638320
36061003400	40.72900440940	-73.98145756880
36061003601	40.72215043060	-73.99125223930
36061003602	40.72456018190	-73.99019991240
36061003800	40.72735827520	-73.98845660000
36061003900	40.72069863130	-74.01032274530
36061004000	40.73073754670	-73.98601817200
36061004100	40.71916384000	-73.99669549050
36061004200	40.73176459690	-73.98938615050
36061004300	40.72332387070	-73.99546613490
36061004401	40.73101881770	-73.97688583450
36061004402	40.73755752620	-73.97277555990
36061004500	40.72057033550	-73.99939080900
36061004700	40.72241867020	-74.00286271210
36061004800	40.73384083290	-73.98369479740
36061004900	40.72506053170	-74.00048027110
36061005000	40.73611283750	-73.98721803970
36061005100	40.72592051920	-74.00557447190
36061005200	40.73743855310	-73.99045941190
36061005300	40.72684572600	-74.00903299890
36061005400	40.73881106600	-73.99367802120
36061005501	40.72767260980	-73.99708180870
36061005502	40.72622308120	-73.99387207220
36061005600	40.74178944030	-73.98728514360
36061005700	40.72942370110	-73.99239865390
36061005800	40.74314322210	-73.99050862230
36061005900	40.73128950330	-73.99456147370
36061006000	40.73480303580	-73.97692408460
36061006100	40.73370792450	-73.99232854100
36061006200	40.73932463540	-73.97501095300
36061006300	40.73442142910	-73.99686055010
36061006400	40.73693887020	-73.98144822210
36061006500	40.72996767620	-73.99957735720
36061006600	40.74007048620	-73.97923162620
36061006700	40.73045161010	-74.00412080260
36061006800	40.74043721610	-73.98407900710
36061006900	40.73084640840	-74.00854068230
36061007000	40.74318495880	-73.97696126510
36061007100	40.73544928780	-73.99991193380
36061007200	40.74486147700	-73.98085557270
36061007300	40.73411441490	-74.00410550090
36061007400	40.74621510950	-73.98407566680
36061007500	40.73449396510	-74.00817507140
36061007600	40.74756747980	-73.98729790310
36061007700	40.73808566040	-74.00329491610
36061007800	40.74632374670	-73.97467184110
36061007900	40.73893589910	-74.00771907070
36061008000	40.74925792360	-73.97765116960
36061008100	40.73980533240	-73.99877144120
36061008200	40.75061351340	-73.98087276120
36061008300	40.74219836080	-74.00445370650
36061008400	40.75196989820	-73.98409383670
36061008600	40.75056412410	-73.96718657780
36061008700	40.74224399680	-73.99699622710
36061008800	40.74949362170	-73.97236057160
36061008900	40.74463815550	-74.00267843280
36061009000	40.75265679470	-73.97005543680
36061009100	40.74471811540	-73.99519636010
36061009200	40.75364644120	-73.97474173090
36061009300	40.74711248610	-74.00087501810
36061009400	40.75522815170	-73.97774391700
36061009500	40.74723667700	-73.99335789430
36061009600	40.75637499460	-73.98088602140
36061009700	40.74963989350	-73.99903313090
36061009800	40.75578800600	-73.96777472530
36061009900	40.75259054290	-74.00391380960
36061010000	40.75806566550	-73.97123160640
36061010100	40.74973165510	-73.99154100030
36061010200	40.75942376830	-73.97444937010
36061010300	40.75213474990	-73.99721708460
36061010400	40.76077898540	-73.97767288580
36061010601	40.75741401550	-73.96159994780
36061010602	40.76041273940	-73.95918356660
36061010800	40.75895682230	-73.96543812880
36061010900	40.75225044970	-73.98970290970
36061011000	40.76214734380	-73.96313924150
36061011100	40.75464750290	-73.99538866590
36061011201	40.76397789920	-73.97534573440
36061011202	40.76260394770	-73.97213117850
36061011203	40.76123046750	-73.96888652210
36061011300	40.75477510010	-73.98786993480
36061011401	40.76484011570	-73.97049378720
36061011402	40.76348257700	-73.96727887690
36061011500	40.75716775600	-73.99354892720
36061011600	40.76340917010	-73.95614746200
36061011700	40.75963418080	-73.99897538400
36061011800	40.76527493250	-73.96085521920
36061011900	40.75731518520	-73.98602477450
36061012000	40.76692599020	-73.96476692760
36061012100	40.75970897970	-73.99170038710
36061012200	40.76828079980	-73.96798463480
36061012400	40.76669983930	-73.95383561810
36061012500	40.75984064150	-73.98417552960
36061012600	40.76846701700	-73.95852603280
36061012700	40.76223701230	-73.98985609500
36061012800	40.77138075520	-73.96151758280
36061012900	40.76318553070	-73.99621938420
36061013000	40.77273604460	-73.96473353350
36061013100	40.76234579690	-73.98235353290
36061013200	40.76967310100	-73.95132188760
36061013300	40.76473802760	-73.98803495910
36061013400	40.77170194060	-73.95616578110
36061013500	40.76842034580	-73.99248993480
36061013600	40.77281505890	-73.94870569080
36061013700	40.76520706960	-73.98023370230
36061013800	40.77492169290	-73.95381510070
36061013900	40.76729229420	-73.98617116990
36061014000	40.77591396990	-73.95820819100
36061014200	40.77727108700	-73.96142518760
36061014300	40.78247727760	-73.96555389310
36061014401	40.77524883400	-73.94755188380
36061014402	40.77623972800	-73.94532863900
36061014500	40.76980854630	-73.98425530750
36061014601	40.77719172630	-73.95216094920
36061014602	40.77881473500	-73.95097538850
36061014700	40.77148374630	-73.98967441420
36061014801	40.77884099980	-73.95607288440
36061014802	40.78109303080	-73.95443077840
36061014900	40.77235447670	-73.98248220210
36061015001	40.78019795100	-73.95928540410
36061015002	40.78244923670	-73.95764684940
36061015100	40.77541476540	-73.98918379590
36061015200	40.77970833850	-73.94491024620
36061015300	40.77485774570	-73.98066421490
36061015400	40.78134921920	-73.94912421500
36061015500	40.77696782270	-73.98560386510
36061015601	40.78356859680	-73.94750230980
36061015602	40.78518161760	-73.94632439290
36061015700	40.77741856380	-73.97879670930
36061015801	40.78427809110	-73.95210347490
36061015802	40.78652275520	-73.95047455340
36061015900	40.77952980260	-73.98392385710
36061016001	40.78563492720	-73.95532231030
36061016002	40.78787845110	-73.95368513670
36061016100	40.77994917030	-73.97719356880
36061016200	40.78795786280	-73.93967645470
36061016300	40.78216571590	-73.98203746030
36061016400	40.78771395570	-73.94447447710
36061016500	40.78235764960	-73.97499841960
36061016600	40.78936949760	-73.94838379700
36061016700	40.78465951550	-73.97999539200
36061016800	40.79106728980	-73.95135509720
36061016900	40.78519577770	-73.97311975920
36061017000	40.79090258340	-73.94214684860
36061017100	40.78750047130	-73.97843822160
36061017201	40.79318778120	-73.94559752280
36061017202	40.79544458050	-73.94395418440
36061017300	40.78777022500	-73.97123615850
36061017401	40.79488831180	-73.94857426220
36061017402	40.79680065260	-73.94715715930
36061017500	40.79003191970	-73.97670002160
36061017700	40.79030806060	-73.96938931100
36061017800	40.79477925670	-73.93364257640
36061017900	40.79246256060	-73.97447093760
36061018000	40.79440190430	-73.93959626790
36061018100	40.79255583440	-73.96774607040
36061018200	40.79831827900	-73.94185038070
36061018300	40.79499153580	-73.97272803280
36061018400	40.79968518120	-73.94506537950
36061018500	40.79449980980	-73.96635861710
36061018600	40.79910704800	-73.94970615870
36061018700	40.79756804660	-73.97074315200
36061018800	40.79759508050	-73.93725982290
36061018900	40.79733043580	-73.96425161510
36061019000	40.80196168600	-73.94761932920
36061019100	40.80006908420	-73.96881586420
36061019200	40.79917453980	-73.93079947400
36061019300	40.80050507350	-73.96195613450
36061019400	40.80046528040	-73.93518585300
36061019500	40.80260662990	-73.96695261050
36061019600	40.80280551810	-73.93857122360
36061019701	40.80531221600	-73.95939893310
36061019702	40.80218930650	-73.95798748340
36061019800	40.80429991930	-73.94235991120
36061019900	40.80521868800	-73.96516402590
36061020000	40.80578600200	-73.94523379810
36061020101	40.80643575220	-73.96020490690
36061020102	40.80505127290	-73.95663296060
36061020200	40.80343881480	-73.93297289870
36061020300	40.80866907630	-73.96156052340
36061020400	40.80695505360	-73.93520969640
36061020500	40.80964083890	-73.96400039450
36061020600	40.80829130850	-73.93878341580
36061020701	40.80897548030	-73.95846068580
36061020702	40.80757855630	-73.95492174120
36061020800	40.80964856200	-73.94200773650
36061020901	40.81155793760	-73.95500343030
36061020902	40.80976390380	-73.95276033060
36061021000	40.81308614060	-73.93568583590
36061021100	40.81373330590	-73.95948690890
36061021200	40.81376118460	-73.93900089040
36061021301	40.81361808280	-73.95323833560
36061021302	40.81199454400	-73.95064360870
36061021400	40.81779553430	-73.93620353910
36061021600	40.80067474140	-73.95438700590
36061021701	40.81613518690	-73.95111646650
36061021702	40.81456839100	-73.94867517550
36061021800	40.80322208300	-73.95252424240
36061021900	40.81717259940	-73.95665095700
36061022000	40.80578370260	-73.95065706870
36061022101	40.81994233370	-73.94897277790
36061022102	40.81865446450	-73.94618573920
36061022200	40.80834020980	-73.94878751850
36061022301	40.82061558310	-73.95401731650
36061022302	40.82002757530	-73.95694948220
36061022400	40.81112320130	-73.94695592570
36061022500	40.82309391750	-73.95237539920
36061022600	40.81343511160	-73.94481139620
36061022701	40.82303178020	-73.94627190910
36061022702	40.82175148170	-73.94349554500
36061022800	40.81592952570	-73.94324509240
36061022900	40.82552654180	-73.95028838210
36061023000	40.81847223570	-73.94138944750
36061023101	40.82621727440	-73.94342845740
36061023102	40.82462450210	-73.94125797950
36061023200	40.82101365400	-73.93953136380
36061023300	40.82805390370	-73.94831831910
36061023400	40.82373143900	-73.93867047560
36061023501	40.82918527380	-73.94229556970
36061023502	40.82789999480	-73.93892373050
36061023600	40.82489480030	-73.93610539400
36061023700	40.83126903480	-73.94686977060
36061023800	40.76222087700	-73.94975973940
36061023900	40.83233764350	-73.94106406980
36061024000	40.79099395450	-73.92461317350
36061024100	40.83392466540	-73.94549197340
36061024301	40.83597171540	-73.93875952440
36061024302	40.83209126160	-73.93653667120
36061024500	40.83662644800	-73.94209783320
36061024700	40.83779133140	-73.94552168870
36061024900	40.83912893080	-73.93644959570
36061025100	40.84032597580	-73.93992292970
36061025300	40.84289495120	-73.93837896600
36061025500	40.84479118410	-73.94216460590
36061026100	40.84578451010	-73.93445497840
36061026300	40.84682256160	-73.93747541850
36061026500	40.84977046260	-73.93962694380
36061026700	40.85033694260	-73.92863317770
36061026900	40.85055674120	-73.93097473870
36061027100	40.85194381800	-73.93429419050
36061027300	40.85398005120	-73.93738422130
36061027500	40.85469943840	-73.93922591490
36061027700	40.85544415320	-73.92738846760
36061027900	40.85585824330	-73.93162707800
36061028100	40.85634059620	-73.93502807260
36061028300	40.85890466400	-73.92873296930
36061028500	40.86150317780	-73.92803098720
36061028700	40.86285271480	-73.93139228380
36061028900	40.86013690400	-73.92090140900
36061029100	40.86431085070	-73.92393391350
36061029300	40.86592578620	-73.92011961500
36061029500	40.86752316860	-73.92494038570
36061029700	40.87237684850	-73.92437624460
36061030100	40.86791631160	-73.91421587930
36061030300	40.86921954340	-73.91865277500
36061030700	40.87129376180	-73.91676032310
36061030900	40.87596709300	-73.91038517340
36061031100	40.84657230240	-73.93037897580
36061031300	40.84142913980	-73.94700535200
36061031500	40.79990313460	-73.97367000140
36061031701	40.71215507340	-74.01606584140
36061031702	40.74784957460	-74.00661355300
36061031900	40.70074588000	-74.00607480570
36005000100	40.79114743250	-73.88266045380
36005000200	40.81089237340	-73.85908136930
36005000400	40.81063011580	-73.85230971820
36005000500	40.79956612510	-73.89829326110
36005001100	40.80254052320	-73.91114952090
36005001500	40.80325900340	-73.91787936950
36005001600	40.81884774380	-73.85807620450
36005001700	40.80615421690	-73.92481929790
36005002000	40.81757829870	-73.86610386070
36005002300	40.80908378890	-73.92584587420
36005002400	40.81656072190	-73.87119228790
36005002500	40.80700183820	-73.92087630090
36005002701	40.80507700800	-73.91635819120
36005002702	40.80644817670	-73.91377378700
36005002800	40.82169670630	-73.87797647910
36005003100	40.80988350040	-73.90569906550
36005003300	40.80823918790	-73.91193933950
36005003500	40.81096597800	-73.90867294600
36005003600	40.82365611190	-73.86309475260
36005003700	40.81145679320	-73.91217410500
36005003800	40.82029440680	-73.86334353770
36005003900	40.80971862490	-73.92141926830
36005004001	40.82827202540	-73.85833530600
36005004002	40.82480112680	-73.85737113350
36005004100	40.81138035340	-73.91941493730
36005004300	40.81361839510	-73.91705016820
36005004400	40.82650785530	-73.86647027180
36005004600	40.82262802360	-73.86900722310
36005004700	40.81400486110	-73.92508225940
36005004800	40.82701094290	-73.87435554860
36005004900	40.81359748630	-73.92870405510
36005005000	40.82626972310	-73.87816611490
36005005200	40.82562119150	-73.88243398550
36005005301	40.83118211230	-73.93012685050
36005005302	40.85558935840	-73.91924124030
36005005400	40.82989626850	-73.87980736110
36005005600	40.83262152690	-73.87914204490
36005005700	40.82050759350	-73.92936229250
36005005800	40.83277744260	-73.88201170580
36005005901	40.82432869060	-73.92589735950
36005005902	40.82408200680	-73.92345285280
36005006000	40.83884676270	-73.87528034550
36005006100	40.82225093870	-73.92266468060
36005006200	40.83329122240	-73.87554808380
36005006400	40.83300322630	-73.87223245160
36005006500	40.81740221360	-73.92166620290
36005006600	40.83339906580	-73.86877337510
36005006700	40.81949485460	-73.91817269160
36005006800	40.82895783000	-73.87052643350
36005006900	40.82186605940	-73.91577281120
36005007000	40.82981783160	-73.86562184170
36005007100	40.81821562430	-73.91283892530
36005007200	40.83090019290	-73.86075226250
36005007300	40.81467452930	-73.90938846620
36005007400	40.81947377600	-73.85286098630
36005007500	40.81877648630	-73.90862479350
36005007700	40.81973359060	-73.90442291350
36005007800	40.82907275690	-73.85303972880
36005007900	40.81579090020	-73.90486758000
36005008100	40.80573446950	-73.90594921590
36005008300	40.81367777220	-73.90183996510
36005008400	40.81560366930	-73.84775783590
36005008500	40.81626719570	-73.89907834170
36005008600	40.81987994500	-73.84980738390
36005008700	40.81967430650	-73.89727313460
36005008800	40.82028745650	-73.84674920060
36005008900	40.81855532770	-73.89392053270
36005009100	40.81432021930	-73.89387324010
36005009200	40.83236945020	-73.85243054830
36005009400	40.83136330720	-73.84643692630
36005009700	40.80642413970	-73.88294988950
36005009800	40.82547256050	-73.84943216920
36005009900	40.81527411150	-73.88911755770
36005010200	40.82061607250	-73.84315675920
36005010500	40.81061403150	-73.87648126840
36005011000	40.81763879560	-73.83368055330
36005011501	40.81598498400	-73.88506462810
36005011502	40.81967530370	-73.88677115390
36005011800	40.81244419530	-73.80400126460
36005011900	40.82328298240	-73.88956760950
36005012101	40.82827604870	-73.88887832060
36005012102	40.82600337950	-73.88790693610
36005012300	40.83082944990	-73.88965521380
36005012500	40.82863479330	-73.89352529210
36005012701	40.82563275590	-73.89232812480
36005012702	40.82255443350	-73.89277422070
36005012901	40.82263004420	-73.89873342430
36005012902	40.82207716760	-73.89479949420
36005013000	40.81930552930	-73.81474879710
36005013100	40.82595249800	-73.89789525290
36005013200	40.81549020470	-73.82047339800
36005013300	40.82282282320	-73.90348513540
36005013500	40.82712733390	-73.90209250110
36005013700	40.82631516960	-73.90597594350
36005013800	40.82148229020	-73.81014919630
36005013900	40.82717751540	-73.90932560360
36005014100	40.82364965630	-73.91233545700
36005014300	40.82735621920	-73.91210957290
36005014400	40.82103893550	-73.82304155260
36005014500	40.83151241050	-73.90703169760
36005014700	40.83527855500	-73.90490633910
36005014900	40.83259098020	-73.90149244070
36005015100	40.83108978670	-73.89847333830
36005015300	40.83346692110	-73.89412095800
36005015400	40.82685055630	-73.82712233000
36005015500	40.83552199150	-73.88998768670
36005015600	40.82580958140	-73.82308413780
36005015700	40.83319671850	-73.88717901400
36005015800	40.82485800550	-73.81861619650
36005016000	40.83118039010	-73.81772098460
36005016100	40.83686077800	-73.88500411600
36005016200	40.82885027490	-73.82175931740
36005016300	40.83854942180	-73.89498615770
36005016400	40.83220174790	-73.82484859530
36005016500	40.84293867020	-73.90053961420
36005016600	40.82894482010	-73.83022387770
36005016700	40.84048031710	-73.90217599390
36005016900	40.83779150970	-73.90272764650
36005017100	40.84046423940	-73.90750587770
36005017300	40.82630709780	-73.91651234530
36005017500	40.83082269670	-73.91365108880
36005017700	40.83488356000	-73.91026017340
36005017900	40.83592118220	-73.91434154490
36005018100	40.83197410660	-73.91723946520
36005018300	40.82818467730	-73.91953400940
36005018400	40.83741843150	-73.82928065220
36005018700	40.83002479120	-73.92676478070
36005018900	40.83241594840	-73.92882967270
36005019300	40.83593644970	-73.92830119690
36005019400	40.83361214870	-73.83595282680
36005019500	40.83047779540	-73.92252735230
36005019600	40.83547956950	-73.84303529160
36005019700	40.83520530620	-73.91998333380
36005019800	40.84148817870	-73.84596704020
36005019900	40.83674313530	-73.92545074220
36005020100	40.84178501030	-73.92587916640
36005020200	40.83849111160	-73.84757925350
36005020400	40.84086411630	-73.85086032040
36005020500	40.84919323680	-73.92126230870
36005020601	40.83664075530	-73.85053780250
36005020602	40.83787804210	-73.85357638670
36005020800	40.83469103020	-73.85594245460
36005021000	40.83971486940	-73.85745250740
36005021100	40.84033676560	-73.92351519810
36005021200	40.83613129630	-73.85892215910
36005021301	40.84557134670	-73.91973082000
36005021302	40.84307739700	-73.92040012650
36005021400	40.83333389630	-73.86508972440
36005021501	40.84945406700	-73.91825206120
36005021502	40.84802528380	-73.91674858690
36005021601	40.83754045020	-73.86482125340
36005021602	40.83697159700	-73.86220930130
36005021701	40.84805537990	-73.91334381650
36005021702	40.84364679710	-73.91656148680
36005021800	40.83741111610	-73.86974122570
36005021900	40.83966470080	-73.91960268760
36005022000	40.84311413530	-73.87262074200
36005022100	40.83794560900	-73.91703753160
36005022300	40.84148428930	-73.91455656930
36005022401	40.85503198700	-73.86850222390
36005022402	40.85488308360	-73.86579745750
36005022500	40.84012419610	-73.91096056960
36005022701	40.84673966250	-73.91107974850
36005022702	40.84434522500	-73.91299231160
36005022703	40.84395268090	-73.91053714790
36005022800	40.85348949790	-73.86353638820
36005022901	40.84600262130	-73.90728721850
36005022902	40.84373895950	-73.90711239680
36005023000	40.84928863540	-73.86601816130
36005023100	40.84610819960	-73.90249999340
36005023200	40.84697458730	-73.86331603800
36005023301	40.84955800570	-73.90874864220
36005023302	40.84819683420	-73.90474975540
36005023400	40.84476046580	-73.86276818840
36005023501	40.85216407920	-73.90455714020
36005023502	40.85129132370	-73.90346403590
36005023600	40.84509104930	-73.86725649490
36005023701	40.85850538830	-73.90052717460
36005023702	40.86063172860	-73.89732959540
36005023900	40.85890118790	-73.90287783430
36005024000	40.84162710470	-73.86887775850
36005024100	40.85314822460	-73.90618573480
36005024200	40.84296943750	-73.85991480660
36005024300	40.85242465140	-73.91153819910
36005024400	40.84621936800	-73.85750874210
36005024500	40.85391749950	-73.91460725230
36005024600	40.85160569900	-73.86115634750
36005024700	40.85528567200	-73.91744707680
36005024800	40.85533840350	-73.85841089750
36005024900	40.85745905010	-73.91307427190
36005025000	40.85170648710	-73.85570028840
36005025100	40.85652926490	-73.90773227760
36005025200	40.84713876970	-73.85496784920
36005025300	40.86100775750	-73.90455019060
36005025400	40.84849845080	-73.85247730400
36005025500	40.86054666050	-73.90893647860
36005025600	40.84439106700	-73.85021883710
36005025700	40.86044653680	-73.91304841060
36005025800	40.84378858200	-73.84264449110
36005026100	40.86666444150	-73.90588959040
36005026300	40.86478375430	-73.90445193420
36005026400	40.84177873940	-73.83209554270
36005026500	40.86567983390	-73.90071062870
36005026601	40.84743763260	-73.83412640150
36005026602	40.84597729250	-73.83062489060
36005026700	40.87143834760	-73.90043648410
36005026900	40.86751279320	-73.90768658370
36005027101	40.87550177140	-73.90686645480
36005027102	40.86802527030	-73.90945807570
36005027300	40.87385842210	-73.90316613710
36005027400	40.84133559220	-73.82063848790
36005027600	40.85413831080	-73.82277566010
36005027700	40.87839310760	-73.90138478020
36005027900	40.88254826670	-73.89724282360
36005028100	40.88379010880	-73.89065058420
36005028300	40.88105221930	-73.90216273220
36005028400	40.85029611080	-73.83854610840
36005028500	40.88645566870	-73.90250977810
36005028600	40.84917088710	-73.84779100890
36005028700	40.88271420260	-73.90465792850
36005028800	40.85428968960	-73.85146958040
36005028900	40.87977869600	-73.90719056170
36005029300	40.88020836270	-73.91788525000
36005029500	40.88493445230	-73.90856125160
36005029600	40.85538834780	-73.84509585840
36005029700	40.88474936640	-73.91197296970
36005030000	40.85220989950	-73.83124374760
36005030100	40.88324416180	-73.91793437310
36005030200	40.86327843090	-73.82318424910
36005030700	40.89314393290	-73.91296873660
36005031000	40.86123731530	-73.83606144110
36005031200	40.86205979570	-73.84244917120
36005031400	40.86153813330	-73.84553350290
36005031600	40.86197108470	-73.84872455100
36005031700	40.90190682990	-73.91396463970
36005031800	40.86195474880	-73.85156788740
36005031900	40.91299738610	-73.90696524560
36005032000	40.86187158440	-73.85442312800
36005032200	40.86264226550	-73.85701409280
36005032300	40.90530322250	-73.90757260150
36005032400	40.86134761050	-73.85970437330
36005032800	40.86173636610	-73.86313022090
36005032900	40.89069246880	-73.90516761110
36005033000	40.86165812410	-73.86602499100
36005033200	40.86146431280	-73.86909041600
36005033300	40.89757035210	-73.90517152270
36005033400	40.85778669690	-73.87551487860
36005033600	40.86848984620	-73.86888555580
36005033800	40.86843787500	-73.86581672700
36005033900	40.90485804830	-73.90274268090
36005034000	40.86844054280	-73.86292336840
36005034100	40.91028212500	-73.90144526700
36005034200	40.86841662540	-73.86002576780
36005034300	40.90972843940	-73.89819454920
36005034400	40.86836413760	-73.85713181150
36005034500	40.90429754120	-73.89866116380
36005034600	40.86828414200	-73.85283162260
36005035000	40.86850820960	-73.84824744100
36005035100	40.89525879000	-73.89993693620
36005035200	40.86726374250	-73.84495258830
36005035400	40.86629426560	-73.84072068220
36005035600	40.86691876630	-73.83609127450
36005035800	40.87398450740	-73.84259415300
36005035900	40.84022283810	-73.88337419280
36005036100	40.84229308530	-73.87957392640
36005036300	40.84454261270	-73.88275871900
36005036400	40.87361702720	-73.84921480820
36005036501	40.84540176890	-73.88578945630
36005036502	40.84238772230	-73.88782389330
36005036600	40.87224987510	-73.85363355710
36005036700	40.84075133680	-73.88930651680
36005036800	40.87530748440	-73.85595357540
36005036901	40.84437725660	-73.89188234830
36005036902	40.84257175110	-73.89289111530
36005037000	40.87308968590	-73.85902064680
36005037100	40.84722306550	-73.88738096770
36005037200	40.87380432150	-73.86327805970
36005037300	40.84878595330	-73.89014413940
36005037400	40.87453810950	-73.86667096760
36005037501	40.84527894470	-73.89723590460
36005037502	40.84758569500	-73.89431519910
36005037503	40.85123055630	-73.89226253530
36005037600	40.87457604750	-73.86921789230
36005037700	40.85037846810	-73.89626589240
36005037800	40.87980720880	-73.86662674890
36005037900	40.85156745290	-73.89878122050
36005038000	40.87808977700	-73.86245880390
36005038100	40.85201568210	-73.90115316170
36005038200	40.87731113300	-73.85473828390
36005038300	40.85736279790	-73.89638647510
36005038500	40.85623022970	-73.89248207960
36005038600	40.87963566720	-73.84839802040
36005038700	40.85800520220	-73.88922082940
36005038800	40.87960144250	-73.85535787310
36005038900	40.85642112920	-73.88498253350
36005039000	40.88122844880	-73.86074588010
36005039100	40.85311510720	-73.88712008930
36005039200	40.88327790660	-73.86473413260
36005039300	40.85252904160	-73.88313004650
36005039400	40.88647815410	-73.86339612690
36005039600	40.88442345310	-73.85895560310
36005039700	40.86176981700	-73.88549003310
36005039800	40.88269714660	-73.85346966670
36005039901	40.86351383740	-73.89365464120
36005039902	40.86043321330	-73.89475392420
36005040100	40.86459997630	-73.89765717850
36005040301	40.86881682650	-73.89422975530
36005040302	40.86785735370	-73.89219457270
36005040400	40.88616922350	-73.85134868970
36005040500	40.86634040490	-73.88968833470
36005040600	40.88795096530	-73.85700531670
36005040701	40.87158042850	-73.89025816670
36005040702	40.86914112970	-73.88699832500
36005040800	40.88974448870	-73.86169284600
36005040900	40.87652610920	-73.89331109320
36005041000	40.89797246500	-73.86085743120
36005041100	40.87557799360	-73.88713960410
36005041300	40.87409953240	-73.88519670880
36005041400	40.90371228380	-73.85414112800
36005041500	40.87011199710	-73.88354479580
36005041800	40.89695352650	-73.85752454800
36005041900	40.87686568570	-73.88166376050
36005042000	40.89302031450	-73.85985304370
36005042100	40.88146799840	-73.88276616180
36005042200	40.89109936290	-73.85527281890
36005042300	40.87706374000	-73.87728454760
36005042400	40.88928008990	-73.84953600950
36005042500	40.87108592310	-73.87903883790
36005042600	40.89084920610	-73.84191976670
36005042800	40.89450936250	-73.84570315320
36005042901	40.87474724350	-73.87447696150
36005042902	40.87718032620	-73.87375184560
36005043000	40.89346005740	-73.85065724730
36005043100	40.88204921960	-73.87690780750
36005043200	40.89549104800	-73.85449051670
36005043500	40.89457409240	-73.88195996450
36005043600	40.89729570080	-73.84976302170
36005043800	40.89904406670	-73.84544513580
36005044000	40.90056212920	-73.85048818310
36005044200	40.90388341740	-73.84620763930
36005044600	40.90003568150	-73.84173490320
36005044800	40.89547491030	-73.84130297810
36005044901	40.89749995990	-73.87339425310
36005044902	40.89882402180	-73.86898896090
36005045101	40.89750785630	-73.86489040710
36005045102	40.90063270190	-73.86509326060
36005045400	40.89055570190	-73.83099556380
36005045800	40.88586324760	-73.84519967740
36005046000	40.88244519900	-73.84264673380
36005046201	40.87423378380	-73.82765019350
36005046202	40.87898844200	-73.83411741310
36005048400	40.88630533410	-73.83463251850
36005050200	40.88753482660	-73.81423255950
36005050400	40.87135717090	-73.80357446550
36005051600	40.84935309520	-73.78138353430
36047000100	40.69980487470	-73.99339921880
36047000200	40.65325802670	-74.01108903020
36047000301	40.69626476270	-73.99674905520
36047000302	40.69305091130	-74.00075611450
36047000500	40.69545101350	-73.99371992890
36047000700	40.69217154460	-73.99660500860
36047000900	40.69173077590	-73.99162960400
36047001100	40.69329166620	-73.98770968940
36047001300	40.69762679260	-73.98839388510
36047001800	40.65501373100	-74.01467283300
36047002000	40.64805591020	-74.01596094310
36047002100	40.70320247440	-73.98692896290
36047002200	40.64342688160	-74.02171593810
36047002300	40.69956334950	-73.98327553540
36047002500	40.69591934620	-73.98250697190
36047002700	40.69233274870	-73.98360319090
36047002901	40.69497546930	-73.97809977460
36047002902	40.69729421820	-73.97854284950
36047003000	40.63861436480	-74.02921467870
36047003100	40.69161125610	-73.97770927790
36047003200	40.62917476540	-74.03700351970
36047003300	40.68851147030	-73.97811027500
36047003400	40.63719310690	-74.03393733110
36047003500	40.68530367560	-73.97617495130
36047003600	40.63468620520	-74.03089790800
36047003700	40.68941042560	-73.98474405000
36047003800	40.63436422270	-74.03494993330
36047003900	40.68490695040	-73.98083645910
36047004000	40.63080138980	-74.03659508660
36047004100	40.68659966980	-73.98505364460
36047004200	40.63023745370	-74.03270561580
36047004300	40.68820990190	-73.98959969280
36047004500	40.68814627020	-73.99528656570
36047004600	40.62692065690	-74.03568283570
36047004700	40.68845464990	-74.00006845170
36047004900	40.68799992050	-73.99843524970
36047005000	40.62413710300	-74.03689217110
36047005100	40.68347133850	-74.00346676480
36047005201	40.62160471840	-74.03765219850
36047005202	40.61951984480	-74.03821910320
36047005400	40.61718284480	-74.03511887420
36047005500	40.67430212290	-74.01014615240
36047005601	40.61539534220	-74.03495436200
36047005602	40.61334948550	-74.03485795730
36047005700	40.67547120920	-74.01179539850
36047005800	40.61908863660	-74.03218876620
36047005900	40.67939869980	-74.00609363600
36047006000	40.62208285440	-74.03160435050
36047006200	40.62491073520	-74.03044579640
36047006300	40.68198263240	-74.00130074720
36047006400	40.62892529920	-74.02880928230
36047006500	40.67908800870	-73.99945116550
36047006600	40.63213089080	-74.02749860590
36047006700	40.68417588870	-73.99722306930
36047006800	40.63517489590	-74.02623046250
36047006900	40.68523471180	-73.99170117450
36047007000	40.63827496100	-74.02418951000
36047007100	40.68331167260	-73.98716672280
36047007200	40.64021872320	-74.02032784170
36047007400	40.64184178380	-74.01702316010
36047007500	40.68129082020	-73.99200594810
36047007600	40.64410202610	-74.01469739670
36047007700	40.67701401620	-73.99521838360
36047007800	40.64634221400	-74.01236609400
36047008000	40.64857994500	-74.01003794210
36047008200	40.65082207000	-74.00771068400
36047008400	40.65390787140	-74.00450678490
36047008500	40.67585522890	-74.00646623120
36047008600	40.64797690740	-74.00374408240
36047008800	40.64971941300	-74.00032403160
36047009000	40.64684984880	-73.99769517200
36047009200	40.64531735280	-73.99933875200
36047009400	40.64335644190	-74.00137839360
36047009600	40.64601518250	-74.00578495490
36047009800	40.64377621340	-74.00811527740
36047010000	40.64153539240	-74.01044567340
36047010100	40.65838241510	-73.99983864340
36047010200	40.63928461900	-74.01278732380
36047010400	40.63662395120	-74.00838156510
36047010600	40.63887474340	-74.00603982210
36047010800	40.64111606240	-74.00371039570
36047011000	40.64457572370	-73.99277164830
36047011200	40.64225295120	-73.99567494530
36047011400	40.63942323280	-73.99921188030
36047011600	40.63587287860	-74.00364916300
36047011700	40.66855766880	-73.99330119140
36047011800	40.63510459080	-74.01149012740
36047012000	40.63279861880	-74.01177476170
36047012100	40.67147905710	-73.99104925510
36047012200	40.63813120860	-74.01759295380
36047012300	40.67392123360	-73.99176345410
36047012400	40.63558834660	-74.02011570630
36047012500	40.67839944960	-73.98549810510
36047012700	40.68174661590	-73.98285128540
36047012801	40.63080173100	-74.01330349350
36047012802	40.63284777400	-74.01680709830
36047012901	40.68172909870	-73.97854064040
36047012902	40.68075996350	-73.97602802410
36047013000	40.63258738470	-74.02138414910
36047013100	40.67771668550	-73.97960477480
36047013200	40.62799353180	-74.01565121980
36047013300	40.67518067710	-73.98130740430
36047013400	40.62947462620	-74.02039542220
36047013500	40.67281184600	-73.98331376230
36047013600	40.62688515940	-74.02256683760
36047013700	40.67039801850	-73.98532313390
36047013800	40.62431101980	-74.02551746390
36047013900	40.66798930910	-73.98733692900
36047014000	40.62077379570	-74.01966722050
36047014100	40.66543614540	-73.98937808590
36047014200	40.62249945610	-74.02248162270
36047014300	40.66363513120	-73.99266960980
36047014400	40.61936904470	-74.01736306530
36047014500	40.66135591170	-73.99494976830
36047014600	40.61803708700	-74.01516190090
36047014700	40.65970356160	-73.98926835150
36047014800	40.61670777590	-74.01296095840
36047014900	40.66242481070	-73.98517529320
36047015000	40.61537834940	-74.01075834930
36047015100	40.66568910210	-73.98258519690
36047015300	40.66810050200	-73.98057595930
36047015400	40.61115857020	-74.01893261120
36047015500	40.67051353860	-73.97856126540
36047015600	40.61291918180	-74.02522851250
36047015700	40.67305235560	-73.97641673550
36047015800	40.61698865580	-74.02326892680
36047015900	40.67519011870	-73.97306533050
36047016000	40.61898091200	-74.02686686330
36047016100	40.67988319080	-73.97318167750
36047016200	40.61384259130	-74.03151345500
36047016300	40.67917600260	-73.97000217750
36047016400	40.60872151140	-74.02817329640
36047016500	40.66997303300	-73.97404364230
36047016700	40.66429695790	-73.97877534190
36047016800	40.60469646330	-74.01531269950
36047016900	40.65929176310	-73.98128774680
36047017000	40.61013328340	-74.01263376040
36047017100	40.65696760780	-73.97685252170
36047017200	40.60888256130	-74.01034672250
36047017300	40.65665135130	-73.98276048290
36047017400	40.60413041200	-74.01133557940
36047017500	40.65213724040	-73.99023451000
36047017600	40.60280320670	-74.00859919580
36047017700	40.66162100100	-73.96891530200
36047017800	40.60696841020	-74.00472383060
36047017900	40.68424358230	-73.97133437260
36047018000	40.60830021380	-74.00715143030
36047018100	40.68777497950	-73.97236810700
36047018200	40.61245974280	-74.00268132800
36047018300	40.69137583980	-73.97147814170
36047018400	40.61370540790	-74.00714469230
36047018501	40.69477840840	-73.97415271040
36047018502	40.69707946030	-73.97309457740
36047018600	40.61564401420	-74.00510623140
36047018700	40.69464938710	-73.97064066810
36047018800	40.61747772680	-74.00273955220
36047018900	40.69693320060	-73.96644783780
36047019000	40.62103797510	-74.00038575780
36047019100	40.69524055780	-73.96441888320
36047019200	40.62845847720	-73.99892794860
36047019300	40.69127955630	-73.96264048250
36047019400	40.62583669840	-74.00110735760
36047019500	40.69141005350	-73.96749973440
36047019600	40.62342334690	-74.00418495510
36047019700	40.68800234110	-73.96674664160
36047019800	40.61935911130	-74.00661780990
36047019900	40.68402834140	-73.96692089230
36047020000	40.62068922740	-74.00881962380
36047020100	40.68384857060	-73.96338212130
36047020200	40.62202016970	-74.01102134630
36047020300	40.67995505940	-73.96481726140
36047020400	40.62335013410	-74.01322383880
36047020500	40.67747524910	-73.96570326580
36047020600	40.62488204110	-74.01544261770
36047020700	40.67496944890	-73.96659842460
36047020800	40.62597626600	-74.00976758760
36047021000	40.62762623460	-74.00815626940
36047021200	40.62947426810	-74.00584978320
36047021300	40.66835668030	-73.96046821840
36047021400	40.63161011670	-74.00318126610
36047021500	40.67339812020	-73.96327941940
36047021600	40.63279488850	-73.99976955970
36047021700	40.67276575400	-73.95902547110
36047021800	40.63435397210	-73.99782272850
36047021900	40.67197396620	-73.95525892340
36047022000	40.63616345180	-73.99555963720
36047022100	40.67613555420	-73.95435959840
36047022200	40.63823942530	-73.99296367340
36047022300	40.67616690790	-73.95946723490
36047022400	40.64051562810	-73.99031192730
36047022500	40.67863970670	-73.95859850000
36047022600	40.64198423730	-73.98634766880
36047022700	40.68150870230	-73.95724853910
36047022800	40.63912437450	-73.98152984900
36047022900	40.68513153710	-73.95676155120
36047023000	40.63781625540	-73.98428135870
36047023100	40.68578657560	-73.96083811360
36047023200	40.63609968990	-73.98622069880
36047023300	40.68879551610	-73.95748993980
36047023400	40.63387114530	-73.98794058560
36047023500	40.69251288910	-73.95778505570
36047023600	40.63219050770	-73.98968741240
36047023700	40.69650534800	-73.95857847710
36047023800	40.63051157480	-73.99143803380
36047023900	40.69699036020	-73.95475335810
36047024000	40.62883154010	-73.99318591050
36047024100	40.69222182260	-73.95380367220
36047024200	40.62586777720	-73.99280960020
36047024300	40.68745504370	-73.95285603400
36047024400	40.62174744630	-73.98623627760
36047024500	40.68288056150	-73.95190111790
36047024600	40.61817184240	-73.98116867100
36047024700	40.67940251350	-73.94929550300
36047024800	40.62136297360	-73.98999324400
36047024900	40.68298334610	-73.94839043300
36047025000	40.62362568010	-73.99583836810
36047025100	40.68785419320	-73.94938789450
36047025200	40.61982909310	-73.99213927210
36047025300	40.69262153950	-73.95033670520
36047025400	40.61669712180	-73.98384473250
36047025500	40.69739211120	-73.95128595470
36047025600	40.61499123080	-73.98565910320
36047025700	40.69821800860	-73.94734498350
36047025800	40.61328832250	-73.98740986760
36047025901	40.69496746110	-73.94622371530
36047025902	40.69696660860	-73.94515405610
36047026000	40.61691716490	-73.99234557900
36047026100	40.69239889580	-73.94571449790
36047026200	40.61872853620	-73.99707867470
36047026300	40.68946843570	-73.94513173820
36047026400	40.61486775540	-73.99748142470
36047026500	40.68690427170	-73.94462088040
36047026600	40.61263017140	-73.99032533440
36047026700	40.68397283800	-73.94403811030
36047026800	40.61044970390	-73.99036213390
36047026900	40.68128262640	-73.94331715840
36047027000	40.60585961850	-73.98998581130
36047027101	40.67883473400	-73.94032936670
36047027102	40.67866479690	-73.93347580550
36047027200	40.60817649140	-73.99273820670
36047027300	40.68108415770	-73.93743841670
36047027400	40.61094929840	-73.99529225590
36047027500	40.68389772080	-73.93817863430
36047027600	40.61089667180	-73.99948904530
36047027700	40.68682880240	-73.93876047610
36047027800	40.60685901390	-74.00122089800
36047027900	40.68975915080	-73.93934453820
36047028000	40.60239932720	-74.00572736160
36047028100	40.69268881940	-73.93992873590
36047028200	40.60100766300	-74.00377756230
36047028300	40.69525635580	-73.94043773690
36047028400	40.60567456220	-73.99894268870
36047028501	40.69942646520	-73.94209149810
36047028502	40.69745068310	-73.94088478870
36047028600	40.59987008180	-74.00139456760
36047028700	40.69563516110	-73.93542714440
36047028800	40.60451111620	-73.99656252720
36047028900	40.69305139150	-73.93300442090
36047029000	40.60317376380	-73.99434790960
36047029100	40.69042696820	-73.93354110660
36047029200	40.59940673610	-73.99830519400
36047029300	40.68749666440	-73.93295825480
36047029400	40.59643823790	-73.99715269360
36047029500	40.68456604560	-73.93237575650
36047029600	40.60095243530	-73.99302525260
36047029700	40.68127263850	-73.93161776970
36047029800	40.60082634260	-73.98790817120
36047029900	40.67810553680	-73.92581192530
36047030000	40.59740283380	-73.98874423670
36047030100	40.67760756960	-73.91628676470
36047030200	40.59571203150	-73.99064720120
36047030300	40.67509103740	-73.91791529570
36047030400	40.59338884730	-73.99265664790
36047030600	40.59115570890	-73.98613375690
36047030700	40.67554371610	-73.92622084400
36047030800	40.58659874230	-73.97953024280
36047030900	40.67610687360	-73.93299604260
36047031100	40.67642702040	-73.93896899480
36047031300	40.67653264710	-73.94430795840
36047031400	40.58813764530	-73.98878996950
36047031500	40.67686625420	-73.94991987550
36047031701	40.67386684220	-73.95012377100
36047031702	40.67119724580	-73.95037604520
36047031900	40.66689051440	-73.94939745930
36047032000	40.58986895440	-73.99741818800
36047032100	40.66687226490	-73.95218255190
36047032300	40.66654744510	-73.95507438470
36047032500	40.66729811510	-73.95776567460
36047032600	40.57652878450	-73.98820826960
36047032700	40.66264633850	-73.95879631290
36047032800	40.57636757340	-73.99768350390
36047032900	40.66326351220	-73.94841938530
36047033000	40.57921307500	-73.99844662950
36047033100	40.66415833730	-73.94200779070
36047033300	40.66583746900	-73.94252560410
36047033500	40.66759406270	-73.94238907930
36047033600	40.57676387520	-74.00733056200
36047033700	40.66940143130	-73.94218171500
36047033900	40.67121172530	-73.94201461590
36047034000	40.57232095310	-73.99647766410
36047034100	40.67356601920	-73.94458663870
36047034200	40.57410777180	-73.99686304370
36047034300	40.67350282440	-73.93883790400
36047034500	40.67322795130	-73.93369253120
36047034700	40.67265850770	-73.92797231710
36047034801	40.58136010380	-73.98154170760
36047034802	40.57743631400	-73.98170840390
36047034900	40.66827732730	-73.92977808720
36047035000	40.57757341550	-73.97798272870
36047035100	40.66842936840	-73.93254725540
36047035200	40.57331740830	-73.98011880910
36047035300	40.66857962710	-73.93531386570
36047035400	40.58017218170	-73.97255598680
36047035500	40.66440372260	-73.93348939830
36047035600	40.57868608000	-73.97006274500
36047035700	40.66802570850	-73.92682618040
36047035900	40.67046750800	-73.92385632150
36047036001	40.57578597080	-73.96555233100
36047036002	40.57636267910	-73.96123637910
36047036100	40.66956959770	-73.91996024940
36047036200	40.57811671290	-73.96400905850
36047036300	40.67217222220	-73.91700927160
36047036400	40.58016568170	-73.96385428300
36047036501	40.67501750220	-73.91151875900
36047036502	40.67466182650	-73.90766080920
36047036600	40.58284057180	-73.96381241580
36047036700	40.67753019790	-73.90463011000
36047036900	40.67965088970	-73.90923383360
36047037000	40.58782121160	-73.96315085000
36047037100	40.68028742290	-73.91383946770
36047037300	40.68394894420	-73.91521521860
36047037400	40.58732276740	-73.97022406960
36047037500	40.68761936820	-73.92151619860
36047037700	40.68408830320	-73.92018761260
36047037900	40.68049881570	-73.91936549350
36047038100	40.68104785110	-73.92542660700
36047038200	40.59152267530	-73.98147164200
36047038300	40.68452444490	-73.92620575000
36047038500	40.68745521240	-73.92678915900
36047038600	40.59234926080	-73.97510816490
36047038700	40.69053951340	-73.92774902350
36047038800	40.59292488870	-73.96925155440
36047038900	40.69943851860	-73.93723494250
36047039000	40.59296914730	-73.96442689930
36047039100	40.69979513750	-73.93365483820
36047039200	40.59585025690	-73.96303838590
36047039300	40.69562796950	-73.93000504860
36047039400	40.59849109840	-73.96506810330
36047039500	40.69296821750	-73.92473772850
36047039600	40.59734967540	-73.96970671450
36047039700	40.68894895530	-73.91914086720
36047039800	40.59544704040	-73.97551303670
36047039900	40.69023566830	-73.91755347910
36047040000	40.59780602890	-73.97612223690
36047040100	40.68645941890	-73.91274084920
36047040200	40.59600088100	-73.98272329760
36047040300	40.68452050660	-73.90827817840
36047040400	40.60218515580	-73.98541934600
36047040500	40.68158310790	-73.90517930330
36047040600	40.60050921250	-73.98232135490
36047040700	40.68435637920	-73.90125320370
36047040800	40.60119124970	-73.97913561990
36047040900	40.69110635470	-73.90468901520
36047041000	40.60097962900	-73.97545153630
36047041100	40.68787919610	-73.90714976000
36047041200	40.60415757490	-73.97419127280
36047041300	40.68981452410	-73.91061991060
36047041401	40.60170617560	-73.97106554610
36047041402	40.60242239360	-73.96793832770
36047041500	40.69194907650	-73.91438994960
36047041600	40.60240933030	-73.96348746050
36047041700	40.69376228370	-73.91791777170
36047041800	40.60539629160	-73.96485443420
36047041900	40.69532318250	-73.92103301720
36047042000	40.60923628600	-73.96434091850
36047042100	40.69702919790	-73.92403831670
36047042200	40.60686955620	-73.96999619870
36047042300	40.69900195230	-73.92728890230
36047042400	40.60674819960	-73.97604835250
36047042500	40.70144843570	-73.93095856790
36047042600	40.60567517580	-73.98018901860
36047042700	40.70368316960	-73.92719149380
36047042800	40.60564564370	-73.98432669260
36047042900	40.70179922720	-73.92345587060
36047043000	40.60924729900	-73.98420348930
36047043100	40.69966047620	-73.91969795890
36047043200	40.61067146530	-73.98068722080
36047043300	40.69752207200	-73.91593860060
36047043400	40.61005044580	-73.97693755650
36047043500	40.69538321820	-73.91218077250
36047043600	40.61312983580	-73.97785698820
36047043700	40.69324509890	-73.90842414700
36047043800	40.61032682020	-73.97110684900
36047043900	40.69747071050	-73.90930760090
36047044000	40.61303611900	-73.97097362130
36047044100	40.70142272730	-73.91405196270
36047044200	40.61239668230	-73.96559545610
36047044300	40.70330436420	-73.91668570260
36047044400	40.61576664810	-73.96932211320
36047044500	40.70503621020	-73.91967144390
36047044600	40.61522844930	-73.97605874680
36047044700	40.70669097800	-73.92261813050
36047044800	40.61797048020	-73.97349169450
36047045000	40.62154924590	-73.97269001680
36047045200	40.62017261410	-73.96816184330
36047045300	40.70658410630	-73.92895721340
36047045400	40.61868291590	-73.96500244740
36047045500	40.71758626820	-73.93024173410
36047045600	40.62616160670	-73.96662065580
36047045800	40.62569684240	-73.96900350550
36047046001	40.63030610550	-73.96855933250
36047046002	40.63329114330	-73.96261972590
36047046201	40.62762299350	-73.97351594020
36047046202	40.62457803990	-73.97422977310
36047046400	40.62464067260	-73.97840475670
36047046500	40.71716278260	-73.93823397550
36047046800	40.62147868890	-73.98064645710
36047047000	40.62559128110	-73.98673621740
36047047200	40.62704092610	-73.98412893200
36047047300	40.72118867220	-73.93869291820
36047047400	40.62868355260	-73.98236609620
36047047600	40.63056147160	-73.98057093170
36047047700	40.71821790330	-73.94213376320
36047047800	40.63339853220	-73.97887451330
36047048000	40.63029235070	-73.97446428340
36047048100	40.71386055430	-73.93849910520
36047048200	40.63323249640	-73.96951374420
36047048300	40.70937790080	-73.93661209560
36047048400	40.63428602550	-73.97362703160
36047048600	40.63891926850	-73.97842544410
36047048700	40.70424046740	-73.93573725060
36047048800	40.64047722890	-73.97620889550
36047048900	40.70291878330	-73.93926170790
36047049000	40.63811630900	-73.97302159440
36047049100	40.70357311530	-73.94410016960
36047049200	40.64090753790	-73.97020476890
36047049300	40.70780729210	-73.94135385600
36047049400	40.64296423380	-73.97382071980
36047049500	40.71236244290	-73.94335676890
36047049600	40.64368710960	-73.98043775230
36047049700	40.71621885090	-73.94459596360
36047049800	40.64542947610	-73.98268105320
36047049900	40.72090776000	-73.94687310030
36047050000	40.64825674370	-73.97748632710
36047050100	40.71573765090	-73.94892422950
36047050201	40.65218127110	-73.97913505990
36047050202	40.65351733090	-73.97528091480
36047050300	40.71220179520	-73.94746239330
36047050400	40.64872248880	-73.97358301360
36047050500	40.70805194800	-73.94494531600
36047050600	40.64897862300	-73.96685732200
36047050700	40.70140964840	-73.94700771900
36047050800	40.65256153050	-73.96194134240
36047050900	40.70327748710	-73.95056416870
36047051000	40.64765183990	-73.96011641840
36047051100	40.70755970090	-73.94857903470
36047051200	40.64655395880	-73.96336397160
36047051300	40.71179165300	-73.95216274800
36047051400	40.64279183970	-73.96142838240
36047051500	40.71913567950	-73.95052994440
36047051600	40.63994004740	-73.95734192450
36047051700	40.72065310460	-73.95450003410
36047051800	40.63798689060	-73.96079587930
36047051900	40.71571591560	-73.95515665600
36047052000	40.63743631820	-73.96418578680
36047052200	40.64448875500	-73.96564885920
36047052300	40.71170819630	-73.95879639120
36047052400	40.64357069290	-73.96837740810
36047052500	40.70893162310	-73.95994919080
36047052600	40.63646860710	-73.96667693910
36047052700	40.70840040080	-73.95369507660
36047052800	40.63084296510	-73.96260531800
36047052900	40.70587116880	-73.95450567340
36047053000	40.62735854250	-73.96373548640
36047053100	40.70072912150	-73.95416971460
36047053200	40.62621972930	-73.96025536000
36047053300	40.70376744160	-73.95736054670
36047053400	40.62258240610	-73.96283005510
36047053500	40.70614275790	-73.96122332610
36047053600	40.62030790180	-73.95982853990
36047053700	40.70029836830	-73.95995479420
36047053800	40.61819845300	-73.95683501690
36047053900	40.70268202990	-73.96273315490
36047054000	40.61730718280	-73.96177028290
36047054200	40.61280272140	-73.96097880480
36047054300	40.70129172800	-73.97169150970
36047054400	40.61321953380	-73.95718994770
36047054500	40.70533184870	-73.96529652000
36047054600	40.61314294020	-73.95312311770
36047054700	40.70851441030	-73.96585638240
36047054800	40.60925257540	-73.94837723100
36047054900	40.71111935560	-73.96525433430
36047055000	40.60873587190	-73.95231893160
36047055100	40.71378108340	-73.96369281690
36047055200	40.60830942490	-73.95625915970
36047055300	40.71645767760	-73.95923581490
36047055400	40.60787004170	-73.96007156840
36047055500	40.71760061210	-73.96243478730
36047055600	40.60316070250	-73.95940574930
36047055700	40.72141624660	-73.95828142100
36047055800	40.60365323280	-73.95537792330
36047055900	40.72593926210	-73.95716638350
36047056000	40.60408562380	-73.95143593680
36047056200	40.60451829220	-73.94750341340
36047056300	40.73435846070	-73.95713136100
36047056400	40.60691573120	-73.94337361180
36047056500	40.73029980970	-73.95676792350
36047056600	40.60285231070	-73.94140310320
36047056700	40.72677685740	-73.95424789340
36047056800	40.60267195790	-73.93781885720
36047056900	40.72376698690	-73.95236746470
36047057000	40.59926667090	-73.93688257250
36047057100	40.72478725260	-73.94761623370
36047057200	40.59636843320	-73.93821609640
36047057300	40.72804880920	-73.94883029350
36047057400	40.60114975860	-73.94433850090
36047057500	40.73210708570	-73.95318921380
36047057600	40.59987316630	-73.94757112960
36047057700	40.72422444370	-73.96250175760
36047057800	40.59944002690	-73.95151271880
36047057900	40.73415250790	-73.94854565810
36047058000	40.59900675260	-73.95545393510
36047058200	40.59853956620	-73.95926165400
36047058400	40.59407493460	-73.95867171050
36047058600	40.59456307270	-73.95461338520
36047058800	40.58962262560	-73.95854718080
36047058900	40.72896400250	-73.94120052100
36047059000	40.58998864950	-73.95468579700
36047059100	40.72354030790	-73.94292799260
36047059200	40.59233819370	-73.95145093610
36047059300	40.72599645530	-73.93833326890
36047059401	40.59301212950	-73.94762589800
36047059402	40.59461434150	-73.94301809040
36047059600	40.59109691060	-73.94005638560
36047059800	40.58789694720	-73.93623547570
36047060000	40.58707398700	-73.94569591430
36047060600	40.58645370280	-73.95614134080
36047060800	40.58426278350	-73.95012810490
36047061001	40.58027157690	-73.95653447990
36047061002	40.57601253320	-73.95635354760
36047061200	40.58088979610	-73.94959795180
36047061400	40.57843717440	-73.94981446560
36047061600	40.57744265960	-73.94019310400
36047061800	40.57938234520	-73.94316650140
36047062200	40.58477866250	-73.93519914690
36047062600	40.59233462930	-73.93443800780
36047062800	40.59047408570	-73.92692040980
36047063200	40.59976067590	-73.93156848050
36047063600	40.60993566940	-73.93614301690
36047063800	40.60666780010	-73.93880992220
36047064000	40.61099701120	-73.94024621350
36047064200	40.61219764990	-73.94639409840
36047064400	40.61379665630	-73.94247951420
36047064600	40.61591456210	-73.93953520720
36047064800	40.61768994150	-73.93646057680
36047065000	40.61997873990	-73.93364678180
36047065200	40.61476583710	-73.93008211940
36047065400	40.61294880370	-73.93180763180
36047065600	40.61301122170	-73.93498247720
36047065800	40.60808264940	-73.93120039880
36047066000	40.60904662860	-73.92808013310
36047066200	40.60930216170	-73.92437073440
36047066600	40.59335903240	-73.91560578390
36047067000	40.61272465460	-73.92276802770
36047067200	40.61874060660	-73.92780055660
36047067400	40.61982321390	-73.93026960350
36047067600	40.62499500890	-73.92720071860
36047067800	40.62614899050	-73.92277891970
36047068000	40.62137637300	-73.92518778970
36047068200	40.61664702240	-73.92413049100
36047068600	40.61482283210	-73.91728243810
36047068800	40.61721437270	-73.91910355830
36047069000	40.61996583380	-73.92066911280
36047069200	40.62367110520	-73.92009819620
36047069600	40.62439252570	-73.91092137990
36047069800	40.61696074180	-73.91371864440
36047070000	40.62004580480	-73.90674121040
36047070201	40.60873428930	-73.90857067320
36047070202	40.59486513270	-73.89437769460
36047070203	40.61482386760	-73.85479903630
36047070600	40.61375838930	-73.89839695560
36047072000	40.62884828410	-73.92004688040
36047072200	40.63200001210	-73.92438794690
36047072400	40.63410595720	-73.92705611210
36047072600	40.63241349800	-73.93387619450
36047072800	40.62948574140	-73.92700407080
36047073000	40.62620158090	-73.92984559270
36047073200	40.62794260130	-73.93360771130
36047073400	40.62781526470	-73.93747786410
36047073600	40.62404892410	-73.93578054480
36047073800	40.62240926320	-73.93907749520
36047074000	40.62739407870	-73.94125692650
36047074200	40.62699424440	-73.94497538110
36047074400	40.62231289480	-73.94310294010
36047074600	40.61859915790	-73.94264438640
36047074800	40.62189325940	-73.94689578700
36047075000	40.62656822190	-73.94876598020
36047075200	40.62615305670	-73.95254581460
36047075400	40.62147366570	-73.95071147660
36047075600	40.61685655030	-73.94798938210
36047075800	40.61647487320	-73.95196183620
36047076000	40.62135711830	-73.95478860250
36047076200	40.62571843260	-73.95648572290
36047076400	40.63192712140	-73.95864323270
36047076600	40.63318741350	-73.95684040270
36047077000	40.63613861740	-73.95382926280
36047077200	40.63161219430	-73.95317728200
36047077400	40.63120884280	-73.94808367670
36047077600	40.63092540010	-73.94113644090
36047078000	40.63449799990	-73.93914892220
36047078200	40.63785365880	-73.94144315570
36047078400	40.63426216500	-73.94295589460
36047078600	40.63441901130	-73.94706258290
36047078800	40.63747295470	-73.94884432060
36047079000	40.64098433950	-73.95370026540
36047079200	40.64476433640	-73.95491016930
36047079400	40.64860524440	-73.95528608050
36047079600	40.65448624920	-73.95793296640
36047079800	40.65910104420	-73.95991357030
36047080000	40.66068592440	-73.95376666990
36047080200	40.65763976030	-73.95344086750
36047080400	40.65897447420	-73.94899021690
36047080600	40.66165920640	-73.94386140360
36047081000	40.65911342400	-73.94454843880
36047081200	40.65739588530	-73.94264268100
36047081400	40.65364041040	-73.94023809090
36047081600	40.65352982480	-73.94420558070
36047081800	40.65309239560	-73.94797520890
36047082000	40.65345305670	-73.95130960100
36047082200	40.65328857960	-73.95442817450
36047082400	40.64884749980	-73.94935796640
36047082600	40.64506483780	-73.94897266750
36047082800	40.64099536010	-73.94960327330
36047083000	40.64088721620	-73.94550281600
36047083200	40.64152391100	-73.94162415190
36047083400	40.64154969370	-73.93847504540
36047083600	40.63710287810	-73.93512750050
36047083800	40.64175612320	-73.93513524220
36047084000	40.64199431890	-73.93129227590
36047084200	40.63736964630	-73.93079946060
36047084400	40.63751980330	-73.92723326920
36047084600	40.64227934070	-73.92746976930
36047084800	40.64642691130	-73.92786091290
36047085000	40.64574336790	-73.93231599640
36047085200	40.64698026260	-73.93823911900
36047085400	40.64467263810	-73.94254987760
36047085600	40.64862472400	-73.94482745220
36047085800	40.65016235940	-73.93900647780
36047086000	40.64999549990	-73.93292345740
36047086200	40.65021630240	-73.92822570510
36047086400	40.65434006340	-73.92385009830
36047086600	40.65637478720	-73.92676207520
36047086800	40.65431273030	-73.92973086940
36047087000	40.65418016780	-73.93340383540
36047087200	40.65367544620	-73.93664965630
36047087401	40.66047432390	-73.93845866310
36047087402	40.65718034800	-73.93531104800
36047087600	40.66064780110	-73.93570570580
36047087800	40.65884654960	-73.93103388430
36047088000	40.66151921510	-73.93102252200
36047088200	40.66053417790	-73.92599978690
36047088400	40.66219935670	-73.92451018870
36047088600	40.65748822480	-73.92067636560
36047088800	40.65394004940	-73.91809111020
36047089000	40.65698830360	-73.91549400660
36047089200	40.66328127330	-73.92192224470
36047089400	40.66150405770	-73.91648521890
36047089600	40.65800495650	-73.91240944070
36047089800	40.66278634310	-73.91370795840
36047090000	40.66625143440	-73.91981343010
36047090200	40.66755319050	-73.91500761550
36047090400	40.66923005630	-73.91188862810
36047090600	40.67030387390	-73.90835860590
36047090800	40.67066552350	-73.90432539880
36047091000	40.66575258310	-73.90340788870
36047091200	40.66512917380	-73.90763462400
36047091400	40.66464957200	-73.91091132770
36047091600	40.65910391560	-73.90910124600
36047091800	40.66165261220	-73.90458558400
36047092000	40.65856427780	-73.90298449550
36047092200	40.65523946020	-73.90634797930
36047092800	40.65247813310	-73.91177350730
36047093000	40.64992921950	-73.91540726670
36047093400	40.64892456140	-73.91901471570
36047093600	40.64879618370	-73.92158335630
36047093800	40.65044726570	-73.92455786870
36047094000	40.64652307890	-73.92420458820
36047094200	40.64316968880	-73.92259746310
36047094401	40.63890039560	-73.92278415580
36047094402	40.63508257300	-73.92078017070
36047095000	40.63624882160	-73.91714580260
36047095400	40.63896668560	-73.91463262360
36047095600	40.63557416280	-73.91091820320
36047095800	40.64082449130	-73.91168708630
36047096000	40.64593240700	-73.91475894410
36047096200	40.64502348830	-73.91051371330
36047096400	40.64195003520	-73.90726862840
36047096600	40.64064006320	-73.90314184640
36047096800	40.64414200860	-73.90387688830
36047097000	40.64726000040	-73.90735297630
36047097400	40.64697942970	-73.89976941300
36047098200	40.65039863650	-73.89500340800
36047098400	40.64657757460	-73.89179025310
36047098600	40.64493594480	-73.89431972850
36047098800	40.64300198550	-73.89731492920
36047099000	40.63937043760	-73.89856214860
36047099200	40.63740344000	-73.90128445640
36047099400	40.63575959080	-73.90439906780
36047099600	40.63344354710	-73.90778800000
36047099800	40.62938393890	-73.90811031870
36047100400	40.63064949840	-73.90380004170
36047100600	40.63225308150	-73.90088957160
36047100800	40.63413301560	-73.89806660300
36047101000	40.63602803150	-73.89497197270
36047101200	40.63972648250	-73.89366788480
36047101400	40.64166244820	-73.89067332320
36047101600	40.64330285030	-73.88814097670
36047101800	40.64286151570	-73.88600997350
36047102000	40.63837765860	-73.88701747100
36047102200	40.63644122850	-73.89001057250
36047102400	40.63292841600	-73.89327604730
36047102600	40.62960807310	-73.89847983150
36047102800	40.63117040690	-73.88975685150
36047103400	40.62991744560	-73.88860967910
36047105800	40.64724453310	-73.88272138930
36047107000	40.64913912240	-73.86921068610
36047107800	40.65884493310	-73.87595516540
36047109800	40.65266286300	-73.90164499330
36047110000	40.65434541780	-73.89084123480
36047110200	40.65959493530	-73.88732146330
36047110600	40.65731436830	-73.88429818300
36047111000	40.66054450000	-73.88134576280
36047111200	40.66318404590	-73.87518161850
36047111400	40.66558663740	-73.87642496380
36047111800	40.66875600940	-73.87601523820
36047112000	40.66662734310	-73.88051976580
36047112200	40.66372785020	-73.88592239480
36047112400	40.66600385760	-73.88715350270
36047112600	40.66489863870	-73.89311170120
36047112800	40.66174111400	-73.89210886580
36047113000	40.66217249200	-73.89647106320
36047113200	40.66129412490	-73.89889231100
36047113400	40.66777929760	-73.89960812300
36047113600	40.67189810190	-73.90018924130
36047113800	40.67459406940	-73.90272440530
36047114000	40.67603407450	-73.89774432090
36047114201	40.68047536450	-73.89725695360
36047114202	40.68242663630	-73.89123920180
36047114600	40.67920659910	-73.89234183310
36047114800	40.67649754540	-73.89222862100
36047115000	40.67392242460	-73.88652250270
36047115200	40.67326928070	-73.89092997960
36047115400	40.67258422890	-73.89554568290
36047115600	40.66832634870	-73.89589489700
36047115800	40.66888088320	-73.89216261600
36047116000	40.66941968310	-73.88853049760
36047116200	40.66993802410	-73.88503498060
36047116400	40.67050966460	-73.88118248390
36047116600	40.67456255450	-73.88220527680
36047116800	40.67898897560	-73.88251906100
36047117000	40.67760013170	-73.88618365570
36047117201	40.68081157560	-73.88751490590
36047117202	40.68273667560	-73.88376467470
36047117400	40.68285411480	-73.87978412570
36047117601	40.68477960050	-73.87687930950
36047117602	40.68623461570	-73.87444762490
36047117800	40.68165193210	-73.87428702170
36047118000	40.68949409800	-73.87770338860
36047118201	40.68790855060	-73.87189767900
36047118202	40.68866465650	-73.86900244190
36047118400	40.68430508290	-73.86941043910
36047118600	40.68146533790	-73.86778048550
36047118800	40.67904121980	-73.86591335390
36047119000	40.67905149110	-73.87162886410
36047119200	40.67711002050	-73.87815848520
36047119400	40.67255427120	-73.87706531690
36047119600	40.67588960530	-73.87316204720
36047120000	40.67486559240	-73.86725664480
36047120200	40.67634135260	-73.86436368230
36047120800	40.67130727610	-73.86515620130
36047121000	40.67007069710	-73.87223173560
36047121400	40.66746424270	-73.86517211490
36047122000	40.66463997280	-73.86267776560
36081000100	40.74286387970	-73.95078646500
36081000200	40.69329107700	-73.86612848230
36081000400	40.68968297670	-73.86477200530
36081000600	40.68590741590	-73.86372828690
36081000700	40.74515573140	-73.95139269640
36081000800	40.68734811260	-73.85826037830
36081001000	40.69075471300	-73.85928965240
36081001200	40.69427413300	-73.86085307330
36081001400	40.69506532310	-73.85527157370
36081001600	40.68970422800	-73.85482879670
36081001800	40.69027921790	-73.85200980630
36081001900	40.74851542630	-73.94509932050
36081002000	40.69140646270	-73.84953609690
36081002200	40.69598017600	-73.85058075990
36081002400	40.69717551120	-73.84656600080
36081002500	40.75497917610	-73.94514884310
36081002600	40.69726029530	-73.84309191530
36081002700	40.75137298640	-73.93960128130
36081002800	40.69242571530	-73.84438832440
36081002900	40.75432747040	-73.93864506590
36081003000	40.69167419600	-73.84728118740
36081003100	40.75317743790	-73.93391092540
36081003200	40.68734993790	-73.84677605780
36081003400	40.68477271360	-73.85818753120
36081003500	40.75736745230	-73.94246848840
36081003600	40.68377137880	-73.85681725800
36081003700	40.76156532620	-73.94413024310
36081003800	40.68479994430	-73.84749360890
36081003900	40.76280233820	-73.94093041210
36081004001	40.68324804260	-73.84587444610
36081004002	40.68153990420	-73.84296407230
36081004100	40.76229819970	-73.93922504980
36081004200	40.68181451730	-73.85796403450
36081004300	40.76094514650	-73.93751398450
36081004401	40.67714508060	-73.85939566360
36081004402	40.67209953420	-73.85824278040
36081004500	40.76453301790	-73.93376591780
36081004700	40.76028803030	-73.93315757920
36081004900	40.75775844470	-73.93573720230
36081005000	40.67772169810	-73.85496559710
36081005100	40.75563967480	-73.93213792860
36081005200	40.68075953360	-73.85466428590
36081005300	40.76034848890	-73.92927283130
36081005400	40.67876008270	-73.84876808640
36081005500	40.75379251210	-73.92779048270
36081005700	40.75695446130	-73.92567217110
36081005800	40.67354042100	-73.84862134990
36081005900	40.75970073300	-73.92392565900
36081006100	40.76203078890	-73.92204097030
36081006200	40.66573216810	-73.85249782760
36081006300	40.76448458730	-73.92002401800
36081006500	40.76731994910	-73.91619290640
36081006700	40.77048875710	-73.91502363760
36081006900	40.77150380080	-73.92216451550
36081007100	40.76908456220	-73.92304844790
36081007300	40.76699508220	-73.92537041360
36081007500	40.76454355950	-73.92732993160
36081007700	40.76673262700	-73.93173283840
36081007900	40.76909971370	-73.92994522090
36081008100	40.77008063030	-73.93358076850
36081008300	40.77262023620	-73.92869602920
36081008600	40.67709982560	-73.84113201780
36081008700	40.77438892800	-73.93457884350
36081008800	40.67088428310	-73.83867547560
36081009100	40.77585750780	-73.92967679070
36081009400	40.68142881250	-73.83653164670
36081009500	40.77439209370	-73.92075782910
36081009600	40.68091398350	-73.83226839810
36081009700	40.77648193880	-73.91860274120
36081009800	40.68540007070	-73.83120808380
36081009900	40.77853538470	-73.92307710360
36081010000	40.68115379760	-73.82888539520
36081010100	40.77840290410	-73.91625528280
36081010200	40.67877796930	-73.82296747450
36081010300	40.78106051070	-73.91507731990
36081010400	40.68296788300	-73.82654673420
36081010500	40.78279002830	-73.91294813300
36081010600	40.68568354980	-73.82496434640
36081010700	40.78287996270	-73.90267885330
36081010800	40.68861027230	-73.83059729430
36081011000	40.68731403950	-73.83501420190
36081011100	40.77879512040	-73.90731306860
36081011200	40.68410900880	-73.83906746860
36081011300	40.77625771180	-73.90846569770
36081011400	40.68796945560	-73.84184435090
36081011500	40.77384809640	-73.91427742850
36081011600	40.68881493860	-73.83881420560
36081011700	40.77204701880	-73.91053187360
36081011800	40.69069115760	-73.83391716770
36081011900	40.77120544740	-73.90606391470
36081012000	40.69153619030	-73.82867175600
36081012100	40.77275862240	-73.90351409040
36081012200	40.69653265610	-73.83108418030
36081012300	40.77455014450	-73.90130180630
36081012400	40.69523680110	-73.83431596280
36081012601	40.69369490590	-73.83742371000
36081012602	40.69320049490	-73.84071564110
36081012800	40.69826282600	-73.84012308840
36081013000	40.70034591150	-73.83783525310
36081013200	40.70129561690	-73.83438979570
36081013400	40.70528103960	-73.83497830380
36081013500	40.77064857740	-73.89897614100
36081013600	40.70659940610	-73.82865701950
36081013700	40.76896405540	-73.90491735600
36081013800	40.70657642930	-73.82516169760
36081014000	40.70372572140	-73.82905783290
36081014100	40.76698895830	-73.90710594690
36081014201	40.70097393240	-73.82464109690
36081014202	40.69873514380	-73.82016054670
36081014300	40.76629988290	-73.91151149620
36081014400	40.69853171400	-73.82850831370
36081014500	40.76428094720	-73.90750821840
36081014700	40.76299766130	-73.91075217420
36081014800	40.69452187060	-73.82241075830
36081014900	40.76185386390	-73.91444418080
36081015000	40.69340640720	-73.82115454830
36081015100	40.76016753580	-73.91084470450
36081015200	40.69386875920	-73.81355773460
36081015300	40.75808157460	-73.91364738860
36081015400	40.69219621710	-73.82055397370
36081015500	40.76003500850	-73.91759650440
36081015600	40.69034238730	-73.82061166500
36081015700	40.75501473860	-73.92192576270
36081015800	40.68829271990	-73.81555447800
36081015900	40.75578691710	-73.91834240270
36081016100	40.75508131060	-73.91459884650
36081016300	40.75630029230	-73.90990305610
36081016400	40.68508007520	-73.81655691190
36081016600	40.68127327410	-73.82070218450
36081016800	40.67937412500	-73.81723380830
36081016900	40.74827223150	-73.91435828310
36081017000	40.68437520020	-73.81124756350
36081017100	40.74975454270	-73.92551120710
36081017200	40.68227996520	-73.81157722430
36081017400	40.68048298570	-73.80921807750
36081017600	40.67878183060	-73.80986230280
36081017800	40.67705103110	-73.80890281050
36081017900	40.74468913990	-73.93027701540
36081018000	40.67584721230	-73.80498850770
36081018100	40.74440057100	-73.92319423970
36081018200	40.67614949610	-73.79886457350
36081018300	40.74534409610	-73.91966730880
36081018401	40.67518918450	-73.79221222300
36081018402	40.67894792050	-73.79436106280
36081018500	40.73963150640	-73.92224819900
36081018600	40.67998158880	-73.79858680770
36081018700	40.73661386500	-73.92460320920
36081018800	40.68172869600	-73.79948596880
36081018900	40.74008192600	-73.92799878240
36081019000	40.68538615510	-73.79522205360
36081019100	40.74018390360	-73.93434997480
36081019200	40.68393315270	-73.80032675140
36081019401	40.68548929550	-73.80500789690
36081019402	40.68638812610	-73.80188794170
36081019600	40.68947371160	-73.79990772500
36081019700	40.73389830850	-73.93395431000
36081019800	40.69184415160	-73.80280925470
36081020200	40.68982648690	-73.80753785370
36081020400	40.69417700790	-73.80478264040
36081020501	40.73005225300	-73.92220075030
36081020502	40.73384372020	-73.91977966380
36081020600	40.69444322430	-73.80909600170
36081020800	40.69813009610	-73.80781289240
36081021200	40.70093375760	-73.81131445420
36081021400	40.70616574760	-73.81502063710
36081021600	40.70943144650	-73.82310428590
36081021900	40.72426121700	-73.91778943330
36081022001	40.71408682500	-73.82005366500
36081022002	40.71328427260	-73.81440697640
36081022900	40.73492403650	-73.91095155510
36081023000	40.71264172410	-73.80814563650
36081023200	40.70958951330	-73.81128090470
36081023500	40.73936370860	-73.91758759030
36081023600	40.70734369750	-73.80491908300
36081023800	40.70522221900	-73.80903753570
36081024000	40.70340976580	-73.80551111000
36081024300	40.73661554090	-73.90217909110
36081024400	40.70360244400	-73.79786437610
36081024500	40.73949448410	-73.90498507400
36081024600	40.70176119690	-73.79751765650
36081024700	40.74235232910	-73.89941321010
36081024800	40.69993015690	-73.79126083900
36081024900	40.74320695510	-73.90423613560
36081025000	40.69864466380	-73.79955171510
36081025100	40.74492636540	-73.90965520900
36081025200	40.69575172980	-73.79566333150
36081025300	40.74440203640	-73.91500491860
36081025500	40.75042974610	-73.90792238040
36081025700	40.75010481740	-73.90517461020
36081025800	40.69604194210	-73.78728001140
36081025900	40.74857790130	-73.90352605240
36081026000	40.69274915630	-73.79331036560
36081026100	40.74721251830	-73.90060160820
36081026200	40.69100855970	-73.79208959120
36081026300	40.74566594960	-73.89710365120
36081026400	40.69223126820	-73.78579134840
36081026500	40.74508695910	-73.89336169480
36081026600	40.69188128750	-73.78169508140
36081026700	40.74532709060	-73.88803613070
36081026900	40.74595241230	-73.88251775250
36081027000	40.68868416180	-73.79139841150
36081027100	40.74521492880	-73.87948571910
36081027200	40.68357736250	-73.79132013430
36081027300	40.75219739270	-73.87277325470
36081027400	40.68490504310	-73.78898900620
36081027500	40.75215379140	-73.87556899740
36081027600	40.68758815040	-73.78623952180
36081027700	40.75270796120	-73.87794291190
36081027800	40.68609723560	-73.78291545480
36081027900	40.75166335950	-73.88021632230
36081028000	40.68831424340	-73.77972559900
36081028100	40.75222029910	-73.88259188890
36081028200	40.68499045950	-73.77388445720
36081028300	40.75117442100	-73.88486541520
36081028400	40.68250681180	-73.77785588410
36081028500	40.75146618160	-73.88711607500
36081028700	40.75096669310	-73.88943494980
36081028800	40.67876882030	-73.78593734310
36081028900	40.75127698520	-73.89190158650
36081029100	40.75131199690	-73.89515575820
36081029200	40.67205642510	-73.77921598430
36081029300	40.75195419670	-73.89944310200
36081029500	40.75601699300	-73.90673944880
36081029700	40.75866147650	-73.90303617440
36081029900	40.76409426270	-73.89957311020
36081030400	40.66483167390	-73.77327680690
36081030901	40.76076310010	-73.89056648550
36081030902	40.75805285320	-73.89619304570
36081031700	40.76912826400	-73.89310290650
36081032000	40.66137224460	-73.76503125450
36081032700	40.75843661860	-73.88541773570
36081032800	40.67183817930	-73.75569111670
36081032900	40.76443545360	-73.88273280190
36081033000	40.67013605780	-73.76372839970
36081033100	40.77444406290	-73.87481613230
36081033401	40.67917690250	-73.76743568180
36081033402	40.67527657070	-73.77181075960
36081033700	40.75873074980	-73.88262796700
36081033900	40.75902376150	-73.87983827700
36081034700	40.76627457930	-73.87794047690
36081035100	40.75909931650	-73.87704633890
36081035200	40.67947711850	-73.75760992560
36081035300	40.75961392180	-73.87412558070
36081035500	40.76817893840	-73.87301189310
36081035800	40.67579019820	-73.75097836260
36081036100	40.76128323040	-73.87241650830
36081036300	40.75967932980	-73.86941576870
36081036500	40.75952326170	-73.86560506090
36081036600	40.68564466620	-73.76309553160
36081036700	40.76322050650	-73.86794191650
36081036800	40.68532657730	-73.76647645110
36081036900	40.76729302200	-73.86861901450
36081037100	40.76427025960	-73.86441980110
36081037300	40.75962669600	-73.86055808350
36081037500	40.75134808800	-73.87000105240
36081037600	40.68781924940	-73.75414804960
36081037700	40.75566145270	-73.86871361300
36081037900	40.75547352090	-73.86408413790
36081038100	40.75603463870	-73.85813377840
36081038300	40.74319743740	-73.84175579070
36081038400	40.69334436880	-73.74763446630
36081039400	40.68963938020	-73.75877962590
36081039800	40.69456332430	-73.76480607710
36081039900	40.75173112870	-73.85378704360
36081040000	40.69814764550	-73.76486334900
36081040100	40.75149038190	-73.85710524330
36081040200	40.70003355620	-73.76876454390
36081040300	40.75067093060	-73.86044379940
36081040400	40.70515296530	-73.77078142900
36081040500	40.74986712320	-73.86284540520
36081040700	40.75038237000	-73.86561416430
36081040900	40.74966310670	-73.86759220580
36081041000	40.70559714830	-73.77947033650
36081041100	40.74379061800	-73.86541767630
36081041300	40.74473631710	-73.86130797580
36081041400	40.69964849480	-73.78074673600
36081041500	40.74662646020	-73.85661277160
36081042000	40.69618850400	-73.77017690440
36081042200	40.69479608970	-73.77378966030
36081042600	40.68887272660	-73.77023825060
36081042700	40.74371642720	-73.85381099160
36081043200	40.69133235970	-73.77591567350
36081043400	40.69619977930	-73.77864262550
36081043700	40.73869452920	-73.85418551660
36081043900	40.74187180070	-73.85581611720
36081044000	40.70267943290	-73.78460970020
36081044200	40.70673592980	-73.78707983670
36081044300	40.74011261520	-73.86256838700
36081044601	40.70555768120	-73.79829379740
36081044602	40.70818695640	-73.79984743450
36081044800	40.71102296850	-73.80263142620
36081045000	40.71422062830	-73.80478732550
36081045200	40.71466419800	-73.79958789940
36081045400	40.71263352830	-73.79602882300
36081045500	40.73631270040	-73.86232518550
36081045600	40.71695836310	-73.79395405720
36081045700	40.73772173400	-73.86983827880
36081045800	40.71524890390	-73.79091636870
36081045900	40.73987729980	-73.87068052850
36081046000	40.70825664590	-73.79348991940
36081046100	40.74172375430	-73.87126636110
36081046200	40.70985554910	-73.78797684100
36081046300	40.74400313160	-73.87109902800
36081046400	40.71700366530	-73.78704847480
36081046500	40.74696648570	-73.87029801750
36081046600	40.71401868410	-73.78508217540
36081046700	40.74545202100	-73.87458984670
36081046800	40.71049235320	-73.78228035490
36081046900	40.74519664610	-73.87718414820
36081047000	40.71129376660	-73.77729827290
36081047100	40.74097852200	-73.87657009240
36081047200	40.71782676770	-73.77901353840
36081047300	40.73728404500	-73.87603564760
36081047500	40.73383109300	-73.87585772800
36081047600	40.72247748280	-73.77113789500
36081047800	40.71958034960	-73.76618474780
36081047900	40.73541065190	-73.88362491730
36081048000	40.71288344350	-73.77300098100
36081048100	40.74217912000	-73.88485405280
36081048200	40.71483879980	-73.76792281030
36081048300	40.74170638820	-73.89269970990
36081048400	40.71581537220	-73.75993624330
36081048500	40.73965737770	-73.88468427440
36081048900	40.73721877200	-73.89221310910
36081049200	40.72292806210	-73.75844217540
36081049301	40.73236736690	-73.89425150310
36081049302	40.72799801050	-73.89188827260
36081049500	40.72552310730	-73.89048069120
36081049600	40.71695021310	-73.75311899290
36081049700	40.73175184530	-73.89037298560
36081049900	40.73135914270	-73.88379748460
36081050000	40.71195190370	-73.76358969220
36081050201	40.70880224150	-73.76490345660
36081050202	40.71018926550	-73.75929235930
36081050400	40.70511907330	-73.76435856250
36081050500	40.72887706990	-73.87460832080
36081050600	40.70579280380	-73.75966934750
36081050700	40.72747286800	-73.88126153160
36081050800	40.70698397870	-73.75542228530
36081051000	40.70971195880	-73.75371564550
36081051100	40.72749605740	-73.90001780050
36081051200	40.71041061000	-73.75011960750
36081051300	40.73189839110	-73.89751741790
36081051500	40.73098108230	-73.90149605670
36081051600	40.70272399740	-73.74726168140
36081051700	40.72490005400	-73.90055249020
36081051800	40.70183839340	-73.75200960590
36081052000	40.70113959550	-73.75468788570
36081052100	40.72107724780	-73.90123017000
36081052200	40.70044468530	-73.75736838840
36081052400	40.70122775440	-73.76195963300
36081052500	40.71896989880	-73.90663726090
36081052600	40.69709668540	-73.75976067620
36081052700	40.72220838070	-73.90761315610
36081052800	40.69403516620	-73.75873048410
36081052900	40.72417153110	-73.90928024830
36081053000	40.69633822900	-73.75254039470
36081053200	40.70010198550	-73.74909159660
36081053400	40.69946533340	-73.74443323080
36081053500	40.71592657130	-73.91618619650
36081053600	40.70618924750	-73.74534694440
36081053800	40.70647891300	-73.74253041000
36081053900	40.71049779410	-73.91677140420
36081054000	40.71280030140	-73.74322581290
36081054200	40.71907770580	-73.74648754160
36081054500	40.70554798950	-73.91262114850
36081054700	40.70362931870	-73.90971106030
36081054800	40.72320312310	-73.75127925360
36081054900	40.70219149070	-73.90781237710
36081055100	40.70159502360	-73.90391171000
36081055200	40.72815159340	-73.74964798660
36081055300	40.69895029940	-73.90654913610
36081055400	40.72779064380	-73.74015942130
36081055500	40.69722513350	-73.90327851590
36081055600	40.72555073380	-73.74500323460
36081055700	40.69868435840	-73.89832163360
36081055800	40.72253361910	-73.74170480560
36081055900	40.69434017110	-73.90171185590
36081056000	40.72543845520	-73.73655881730
36081056100	40.69308599190	-73.88550517880
36081056200	40.72463803520	-73.73319531500
36081056400	40.72154967710	-73.73339309730
36081056500	40.69423832840	-73.89685804670
36081056600	40.71973565910	-73.73839348030
36081056700	40.69689477200	-73.89215684560
36081056800	40.71556005370	-73.73357442410
36081057700	40.70039348290	-73.89071121020
36081057800	40.70805314830	-73.73770207940
36081057900	40.70348089990	-73.89006539810
36081058000	40.70739149850	-73.73088996520
36081058100	40.70397819120	-73.89378950310
36081058300	40.70194480060	-73.89764393380
36081058500	40.70437095550	-73.89942017160
36081058700	40.70714049360	-73.90026752700
36081058800	40.70379119850	-73.73710822990
36081058900	40.70624141470	-73.90503893740
36081059000	40.70125774440	-73.73700461850
36081059100	40.70840624020	-73.90991484150
36081059200	40.70157456270	-73.72947580340
36081059300	40.71020398170	-73.90265068240
36081059400	40.69846914720	-73.73118434780
36081059500	40.71373829160	-73.90830047180
36081059600	40.69713710280	-73.73705629580
36081059800	40.69829132970	-73.74066546580
36081059900	40.71724503670	-73.90213134370
36081060000	40.69506298830	-73.73330304900
36081060100	40.71521351360	-73.90241255230
36081060200	40.69380592110	-73.72855511200
36081060300	40.71392195170	-73.89900148410
36081060400	40.68974265080	-73.72975246540
36081060600	40.69174705210	-73.73533093270
36081060700	40.71756624640	-73.89382502060
36081060800	40.69360320670	-73.74130867770
36081061000	40.69031887770	-73.74315621570
36081061200	40.68834674110	-73.73658945750
36081061300	40.70913564910	-73.88913951820
36081061400	40.68640936620	-73.72922017030
36081061601	40.68176354310	-73.73173985150
36081061602	40.67754948140	-73.72924487870
36081061800	40.67689435050	-73.73641812850
36081061900	40.70991379260	-73.87694761540
36081062000	40.68095730150	-73.73781280520
36081062100	40.70998311300	-73.87278659020
36081062300	40.70438565750	-73.87818619620
36081062400	40.68569830620	-73.74193234520
36081062500	40.70420819320	-73.88240864050
36081062600	40.68182448250	-73.74820070410
36081062700	40.70377155010	-73.88645392920
36081062900	40.70093383580	-73.88290726500
36081063000	40.67999010210	-73.74379542400
36081063200	40.67651630740	-73.74050866930
36081063301	40.70461912640	-73.87467189300
36081063302	40.70543257020	-73.87117011550
36081063500	40.70474332380	-73.86696539190
36081063700	40.70824430360	-73.86336911360
36081063800	40.66984916670	-73.73304784190
36081063900	40.70385643280	-73.85710288670
36081064101	40.69911450610	-73.85167246430
36081064102	40.70254070820	-73.85251803470
36081064500	40.70899322610	-73.85401769590
36081064600	40.67278152790	-73.74236666300
36081065000	40.66945925650	-73.74482382440
36081065400	40.66242308610	-73.74005677250
36081065500	40.71481508210	-73.86734538730
36081065600	40.65987624870	-73.72962339430
36081065701	40.71497132630	-73.87658030410
36081065702	40.71333891000	-73.88295204170
36081065900	40.71554558860	-73.88247637540
36081066000	40.65857437070	-73.73336328140
36081066100	40.71751232190	-73.88178856020
36081066300	40.72111470650	-73.87737722630
36081066400	40.65105605970	-73.74507075970
36081066500	40.71958494330	-73.88647359780
36081066700	40.72222740080	-73.89068956220
36081066900	40.72356683440	-73.88592153630
36081067101	40.72369572100	-73.88028027240
36081067102	40.72515524080	-73.87620189590
36081067700	40.71911061300	-73.87243052480
36081067900	40.72411500780	-73.87018320590
36081068000	40.66370055880	-73.75010500250
36081068200	40.66778852600	-73.75041067770
36081068300	40.73515015420	-73.86904451230
36081068700	40.73044218420	-73.86948431210
36081069000	40.66034354460	-73.75540233480
36081069300	40.72880892940	-73.86328361570
36081069400	40.65586856870	-73.75011700990
36081069500	40.72605670500	-73.86750933140
36081069701	40.72679573990	-73.86022762720
36081069702	40.72247005570	-73.86215665770
36081070300	40.71648522250	-73.85886598360
36081070700	40.71527590900	-73.85524147570
36081070900	40.71917155130	-73.85434285000
36081071100	40.72161403910	-73.85071296650
36081071301	40.72740995360	-73.85203187180
36081071302	40.72523520470	-73.85409104010
36081071600	40.64713928520	-73.78584546660
36081071700	40.73246269330	-73.86168738670
36081071900	40.73440697710	-73.85555724070
36081072100	40.73120048370	-73.85375740960
36081072500	40.71918798310	-73.84793160990
36081072700	40.71654905880	-73.84985056260
36081072900	40.71281192400	-73.85218145900
36081073100	40.71096296860	-73.84636404030
36081073300	40.71409764870	-73.84181098020
36081073500	40.71441372670	-73.84571700600
36081073700	40.71844091870	-73.84323955110
36081073900	40.72369482190	-73.84427234980
36081074100	40.72828164430	-73.84704742710
36081074300	40.73229798970	-73.84924944090
36081074500	40.73598951350	-73.85196212410
36081074700	40.73260264130	-73.84520492090
36081075700	40.72213835470	-73.83826714730
36081076600	40.66558495640	-73.78281713680
36081076800	40.66942351820	-73.78585621830
36081076901	40.71650269910	-73.83761112890
36081076902	40.71511675420	-73.83414731130
36081077100	40.71265013590	-73.83886447950
36081077300	40.71218296010	-73.83256649950
36081077500	40.70910270580	-73.83233927590
36081077901	40.72696892910	-73.81720923490
36081077902	40.72527887800	-73.82484359610
36081077903	40.71923280420	-73.82158424100
36081077904	40.72096851750	-73.81413052870
36081077905	40.71745061400	-73.81264639190
36081078800	40.67033081440	-73.79036460030
36081079000	40.67246025750	-73.79629213350
36081079200	40.66898936770	-73.79648917400
36081079300	40.73634227600	-73.83125867880
36081079700	40.75190593180	-73.82812036810
36081079900	40.74698861890	-73.82737572870
36081080301	40.74493379400	-73.83093574090
36081080302	40.74049708050	-73.82614934900
36081080900	40.73385914510	-73.82232093780
36081081400	40.67056706250	-73.80351509240
36081081800	40.67050616120	-73.80907370060
36081083700	40.74488043200	-73.81977207890
36081083800	40.67029501480	-73.81950987920
36081084000	40.67394960070	-73.81765214270
36081084500	40.74996348480	-73.82023351200
36081084601	40.66733981630	-73.82174459220
36081084602	40.66464787920	-73.80972089250
36081085100	40.75566295700	-73.83106400410
36081085300	40.75715134560	-73.82765177760
36081085500	40.75964182030	-73.82363366820
36081085700	40.75706083180	-73.82305582600
36081085900	40.75498410370	-73.82080104990
36081086100	40.75681318500	-73.81787618110
36081086300	40.76126971350	-73.81994102620
36081086400	40.67335017600	-73.83159988060
36081086500	40.76267123590	-73.82515097670
36081086700	40.76285081490	-73.83128327750
36081087100	40.75964672110	-73.83119107030
36081087500	40.75623353620	-73.83551533460
36081088400	40.65820629480	-73.83449341340
36081088901	40.77281816510	-73.82823829100
36081088902	40.76665654840	-73.83501293840
36081089200	40.65431506840	-73.84654767000
36081090700	40.77424936180	-73.83821528780
36081091601	40.55612858820	-73.92018810190
36081091602	40.56203114800	-73.89066762110
36081091800	40.56785998130	-73.87259398550
36081091900	40.77729322030	-73.84556389140
36081092200	40.57284881860	-73.86079959680
36081092500	40.78248169360	-73.84476811010
36081092800	40.57476166990	-73.85308171210
36081092900	40.78719425390	-73.85143026930
36081093400	40.57840074500	-73.84332992700
36081093800	40.58226948330	-73.82972140980
36081093900	40.79244402690	-73.84322030670
36081094201	40.58487862420	-73.82026692760
36081094202	40.59016553020	-73.80924157340
36081094203	40.58572570310	-73.80946575010
36081094500	40.78749027780	-73.83124460920
36081094700	40.78557684010	-73.84137167560
36081095200	40.58992701970	-73.79965730090
36081096200	40.59569515360	-73.79938635420
36081096400	40.59398716650	-73.79237942090
36081097201	40.59947676060	-73.78019210500
36081097202	40.59102422610	-73.78011214150
36081097300	40.79336237380	-73.82134468570
36081098100	40.79459315770	-73.81602033490
36081098700	40.79241995420	-73.80873477750
36081099100	40.79013365740	-73.79986297220
36081099200	40.59522208990	-73.76728441530
36081099701	40.78083851110	-73.78982267630
36081099702	40.78369835320	-73.77994789440
36081099800	40.59580349680	-73.75801802510
36081099900	40.79178114010	-73.77675907480
36081100800	40.60580899710	-73.76449030670
36081101001	40.59802065180	-73.74927792850
36081101002	40.59942717480	-73.74141900730
36081101700	40.77957980450	-73.79824743530
36081102900	40.78390793080	-73.80737427650
36081103201	40.60864771420	-73.75545818800
36081103202	40.60664860080	-73.74752821560
36081103300	40.77917918170	-73.80966037560
36081103900	40.78409649990	-73.81932599320
36081104700	40.77481590140	-73.82037094390
36081105900	40.77376320810	-73.80717558310
36081107201	40.60381117320	-73.82200196750
36081107202	40.61721385280	-73.81169379270
36081108101	40.77315423390	-73.78672433610
36081108102	40.77442909600	-73.78180412090
36081108300	40.77180566570	-73.79124142620
36081109100	40.77461189010	-73.77176256080
36081109700	40.77030130240	-73.77750991120
36081109900	40.76789284100	-73.78666530230
36081111300	40.76725136490	-73.76337175170
36081112300	40.76629185990	-73.77124510680
36081112900	40.76541287820	-73.77695734280
36081113300	40.76409339120	-73.78334159070
36081113900	40.76423350240	-73.79062527230
36081114100	40.76909321800	-73.79668786270
36081114700	40.76825881440	-73.80195503320
36081115100	40.76857168750	-73.80762992870
36081115500	40.76783839920	-73.81179141120
36081115700	40.76757274110	-73.81516958150
36081115900	40.76863981110	-73.82075533820
36081116100	40.76683503580	-73.82571266670
36081116300	40.76381774850	-73.81920876190
36081116700	40.76217341820	-73.81244356780
36081117100	40.76328515850	-73.80576552490
36081117500	40.76147137530	-73.79649468980
36081118100	40.75949751780	-73.78736446890
36081118500	40.75947026760	-73.80382251750
36081118700	40.75963224610	-73.81287968230
36081118900	40.75650559120	-73.81261366400
36081119100	40.75666504560	-73.80651110150
36081119300	40.75718610910	-73.79962146360
36081119500	40.75486779940	-73.79947227600
36081119900	40.75346201590	-73.80957734040
36081120100	40.75321199970	-73.81405929120
36081120300	40.74879986700	-73.81258086280
36081120500	40.75127417340	-73.81710935650
36081120700	40.75080008320	-73.80097357500
36081121100	40.74534289830	-73.80474840750
36081121500	40.74047795420	-73.80592785250
36081122300	40.73521242050	-73.79932157230
36081122701	40.73361013070	-73.80729898310
36081122702	40.73293371530	-73.81276185380
36081124100	40.72680129590	-73.80241946260
36081124700	40.72808277110	-73.79625094440
36081125700	40.72413008710	-73.80793241070
36081126500	40.72049506200	-73.80370519090
36081126700	40.72038409560	-73.79792170450
36081127300	40.72251869370	-73.78730720530
36081127500	40.72569959040	-73.78129646640
36081128300	40.73395308080	-73.76824811320
36081129101	40.73757378360	-73.75391274170
36081129102	40.73202384080	-73.75418974690
36081130100	40.73354896220	-73.74000357100
36081131900	40.74550330570	-73.74225794450
36081133300	40.73190422450	-73.77932303620
36081133900	40.72863936190	-73.79003852210
36081134100	40.73534646130	-73.79108801940
36081134700	40.73807144240	-73.78111246100
36081136700	40.74430151420	-73.76021585850
36081137700	40.74726018210	-73.75009639280
36081138501	40.75491903780	-73.75498742850
36081138502	40.76034944520	-73.74962569910
36081139900	40.74991662260	-73.76293409290
36081140300	40.74832784780	-73.76986448840
36081140901	40.74679436790	-73.77536598550
36081140902	40.74504118220	-73.78222338200
36081141701	40.74578890430	-73.79124021350
36081141702	40.74033437290	-73.79433996020
36081142900	40.75107041770	-73.78452917950
36081143500	40.75286023540	-73.77046927140
36081144100	40.75567142820	-73.76382189680
36081144700	40.75682129780	-73.77261382740
36081145101	40.75514092800	-73.78468804440
36081145102	40.75319165020	-73.77833323980
36081145900	40.75420916560	-73.79194911780
36081146300	40.75941759270	-73.78122445230
36081146700	40.76119824110	-73.77348835950
36081147100	40.76147915560	-73.76341497950
36081147900	40.76988116480	-73.74176259080
36081148300	40.77457733470	-73.74919783620
36081150701	40.76231743450	-73.73982220570
36081150702	40.76659608750	-73.73094432410
36081152901	40.75273808820	-73.73389435430
36081152902	40.75976325850	-73.72439727610
36081155101	40.75676350430	-73.71505088210
36081155102	40.75117363450	-73.71538661130
36081156700	40.74075155880	-73.72993096550
36081157101	40.73862574290	-73.71944572950
36081157102	40.73546733980	-73.72497368680
36081157901	40.74472108420	-73.70458217550
36081157902	40.74158004220	-73.71199841350
36081157903	40.73380628910	-73.70757719470
36081161700	40.72887764850	-73.71736332370
36081162100	40.72856710550	-73.72927802320
36085000300	40.64110951010	-74.07710420500
36085000600	40.61245549910	-74.06275495690
36085000700	40.64572260010	-74.08338377590
36085000800	40.61193806700	-74.06770509820
36085000900	40.64220415890	-74.08285639270
36085001100	40.63877531520	-74.08267466730
36085001500	40.63684550050	-74.08809502360
36085001700	40.63440795440	-74.08123276000
36085001800	40.60164088970	-74.05939574070
36085002001	40.60759610180	-74.07136153890
36085002002	40.60174080380	-74.07103787000
36085002100	40.62959935140	-74.07929441370
36085002700	40.62371927610	-74.07643982990
36085002900	40.61966065430	-74.08273884540
36085003300	40.62561065760	-74.08662791080
36085003600	40.61131625050	-74.07572626740
36085003900	40.62117971250	-74.09335160830
36085004000	40.61383900500	-74.08062850700
36085004700	40.61437519530	-74.09477078190
36085005000	40.60437903740	-74.08587251840
36085005900	40.62531908650	-74.09926241800
36085006400	40.59724135000	-74.07849906080
36085006500	40.63195319960	-74.10261469710
36085007000	40.58843564470	-74.07897956470
36085007400	40.59506098870	-74.06561415200
36085007500	40.63358948810	-74.09093348000
36085007700	40.63786403360	-74.09027190620
36085008100	40.64255971460	-74.09330495530
36085008900	40.64223226160	-74.10321255100
36085009100	40.63696672680	-74.10025434780
36085009601	40.59692858050	-74.08860104530
36085009602	40.59078234200	-74.09515951930
36085009700	40.64100480030	-74.11097277640
36085010500	40.63379565950	-74.11187048930
36085011201	40.57952183610	-74.08920780090
36085011202	40.57411946730	-74.09064669360
36085011401	40.58574344620	-74.09909872750
36085011402	40.58119468460	-74.10495117400
36085012100	40.62587553140	-74.10963734510
36085012200	40.57597130460	-74.11145312910
36085012500	40.62868541930	-74.11885161020
36085012803	40.55752096360	-74.11237306180
36085012804	40.56522801550	-74.10567041910
36085013201	40.56477416230	-74.12255847890
36085013203	40.54970408030	-74.14272869500
36085013204	40.55942101770	-74.13023762680
36085013301	40.63559657530	-74.11891602950
36085013302	40.63515907690	-74.12342662850
36085013400	40.56988492190	-74.11744930270
36085013800	40.57048690530	-74.13188775840
36085014100	40.62885157250	-74.12688688270
36085014603	40.56067832410	-74.15995299570
36085014604	40.55003882610	-74.15975921630
36085014605	40.55870069570	-74.15012770890
36085014606	40.56255335850	-74.14262028960
36085014700	40.61926278100	-74.11641972190
36085015100	40.61952703320	-74.12759063890
36085015400	40.54566401780	-74.12814894230
36085015601	40.54215250840	-74.15457906800
36085015602	40.53601892010	-74.16180186490
36085015603	40.53785874280	-74.14764783410
36085016901	40.61267679960	-74.10928249240
36085016902	40.60761304970	-74.10980204130
36085017005	40.53935281340	-74.18141345990
36085017006	40.54989877820	-74.17230433280
36085017007	40.55849370430	-74.18795228870
36085017008	40.55590401410	-74.17974606100
36085017009	40.54320458800	-74.18982676770
36085017010	40.55109719000	-74.19604306200
36085017300	40.60528000760	-74.11828197630
36085017600	40.52962409380	-74.17583342320
36085017700	40.60059793040	-74.10158086340
36085017900	40.58832541190	-74.11775483410
36085018500	40.59168166500	-74.13095350060
36085018701	40.61089227660	-74.12730175240
36085018702	40.60404796430	-74.12617450300
36085018901	40.61208803830	-74.14000312960
36085018902	40.60523741210	-74.13805432560
36085019600	40.52013128910	-74.19847790900
36085019700	40.61698335000	-74.13523956320
36085020100	40.62404593820	-74.13425313530
36085020700	40.63701444010	-74.13398636950
36085020801	40.54870655020	-74.20976426210
36085020803	40.53282917310	-74.21067047520
36085020804	40.53579973370	-74.19953323400
36085021300	40.63203638280	-74.13703368660
36085021900	40.63539519970	-74.14314345000
36085022300	40.63560492960	-74.15278054140
36085022600	40.54830320040	-74.21705793330
36085023100	40.63006221060	-74.15633551170
36085023600	40.51250592420	-74.21812607710
36085023900	40.62950600990	-74.14931291800
36085024400	40.50639289930	-74.23768186430
36085024700	40.62750642510	-74.14176681840
36085024800	40.51545430030	-74.24248910050
36085025100	40.61782524310	-74.14646589920
36085027301	40.59975790660	-74.15184346880
36085027302	40.59552087870	-74.13872507460
36085027702	40.58009301300	-74.16366996170
36085027703	40.58953015090	-74.15926623170
36085027704	40.58544089500	-74.15150141310
36085027900	40.57648882020	-74.14748016570
36085029102	40.60139218100	-74.18630568360
36085029103	40.60344272410	-74.17079636330
36085029104	40.61386488120	-74.16352792100
36085030301	40.61932824770	-74.15589348080
36085030302	40.62353215380	-74.15874170780
36085031901	40.63026945280	-74.16332480260
36085031902	40.63720928280	-74.16587991570
36085032300	40.63508786560	-74.17548417730
