36061000100	972123.511446	191678.580932
36061000201	988149.725784	198850.953070
36061000202	989338.756215	198678.094492
36061000500	978955.847847	190227.131079
36061000600	987122.957169	198768.789520
36061000700	981843.177046	196549.799207
36061000800	985765.921825	198639.367207
36061000900	981051.994901	195734.214881
36061001001	990312.157811	199612.009618
36061001002	990462.181461	200683.177096
36061001200	989213.893604	200101.199257
36061001300	980626.551854	197626.640230
36061001401	987761.739028	199829.019683
36061001402	988163.719851	200686.274858
36061001501	983075.093217	197766.582207
36061001502	982385.381998	197265.733143
36061001600	986117.299731	200119.180848
36061001800	986806.781948	201219.144199
36061002000	990794.409143	201798.708001
36061002100	981444.926858	199533.332610
36061002201	989282.798321	201270.309123
36061002202	989477.526607	202051.454215
36061002400	991440.737903	202344.500545
36061002500	984677.191063	198077.765640
36061002601	989813.049229	202534.395506
36061002602	990177.295548	203192.210791
36061002700	984523.456790	198879.047174
36061002800	990677.171189	204092.613518
36061002900	984069.362554	199274.094940
36061003001	987894.765336	201961.791664
36061003002	988170.515769	202670.734472
36061003100	983181.121220	199875.556335
36061003200	988765.572978	203615.643672
36061003300	982546.207792	201177.454650
36061003400	989389.224618	204873.071931
36061003601	986674.779915	202375.530010
36061003602	986966.378742	203253.510538
36061003800	987449.450610	204272.998328
36061003900	981388.583467	201846.615714
36061004000	988125.107067	205504.272112
36061004100	985166.008655	201287.314339
36061004200	987191.607294	205878.317952
36061004300	985506.715979	202802.962554
36061004401	990656.157123	205607.280436
36061004402	991794.521973	207989.741551
36061004500	984418.858246	201799.729324
36061004700	983456.495998	202473.144316
36061004800	988768.827565	206635.007712
36061004900	984116.885097	203435.645016
36061005000	987792.266854	207462.603497
36061005100	982704.900716	203749.007906
36061005200	986893.931052	207945.489343
36061005300	981746.332095	204086.174883
36061005400	986001.938741	208445.461112
36061005501	985058.820549	204387.322902
36061005502	985948.488061	203859.260966
36061005600	987773.369254	209530.767012
36061005700	986356.774974	205025.377401
36061005800	986880.068219	210023.880527
36061005900	985757.290609	205705.103403
36061006000	990645.174206	206985.990277
36061006100	986376.076773	206586.257481
36061006200	991174.879183	208633.478780
36061006300	985120.053694	206846.128024
36061006400	989391.203945	207763.843708
36061006500	984367.132628	205223.471493
36061006600	990005.212231	208904.928369
36061006700	983107.897942	205399.813332
36061006800	988661.901597	209038.253561
36061006900	981882.926638	205543.736928
36061007000	990634.063007	210039.786663
36061007100	984274.396921	207220.588561
36061007200	989554.804011	210650.331702
36061007300	983112.201083	206734.285072
36061007400	988662.444903	211143.324482
36061007500	981984.379519	206872.647328
36061007600	987769.529038	211635.891739
36061007700	983336.905686	208181.128307
36061007800	991268.134246	211183.522237
36061007900	982110.897311	208490.965614
36061008000	990442.317000	212252.308157
36061008100	984590.459937	208807.648051
36061008200	989549.583549	212745.982038
36061008300	983015.861052	209679.532790
36061008400	988657.030872	213239.981050
36061008600	993341.551687	212729.068030
36061008700	985082.368730	209696.142993
36061008800	991908.195302	212338.603260
36061008900	983507.826932	210568.408309
36061009000	992546.497175	213491.260075
36061009100	985581.071145	210597.565075
36061009200	991247.991241	213851.407321
36061009300	984007.552310	211469.875338
36061009400	990416.064428	214427.449804
36061009500	986090.431347	211515.191193
36061009600	989545.452324	214845.076921
36061009700	984517.902339	212390.690426
36061009800	993177.975570	214632.286008
36061009900	983165.570727	213465.653171
36061010000	992219.969612	215461.772866
36061010100	986593.775812	212424.234978
36061010200	991328.378548	215956.297796
36061010300	985021.052580	213299.658096
36061010400	990435.231056	216449.805011
36061010601	994888.425890	215225.382919
36061010602	995557.357951	216318.218004
36061010800	993824.870274	215787.035339
36061010900	987102.954912	213341.967395
36061011000	994461.255484	216949.706242
36061011100	985527.593233	214215.156921
36061011201	991079.596893	217615.453598
36061011202	991970.234548	217115.142919
36061011203	992869.248498	216615.041557
36061011300	987610.678306	214261.843836
36061011401	992423.549914	217930.000213
36061011402	993314.300429	217435.720690
36061011500	986037.231978	215133.399179
36061011600	996397.899577	217410.322447
36061011700	984533.861297	216031.932815
36061011800	995093.471411	218089.464789
36061011900	988121.737980	215187.355764
36061012000	994009.641558	218690.534453
36061012100	986549.269012	216059.293653
36061012200	993118.148262	219183.794622
36061012400	997037.691932	218609.553972
36061012500	988633.891155	216107.549134
36061012600	995738.126946	219252.743303
36061012700	987060.092137	216980.393189
36061012800	994909.004261	220313.931469
36061012900	985297.293497	217325.821304
36061013000	994018.038851	220807.333698
36061013100	989138.458059	217020.355707
36061013200	997733.402483	219693.187632
36061013300	987564.462191	217891.659083
36061013400	996391.317569	220431.652034
36061013500	986330.256654	219233.101938
36061013600	998457.397098	220838.321168
36061013700	989725.459182	218062.935643
36061013800	997041.796583	221605.049950
36061013900	988080.606172	218822.338652
36061014000	995824.864634	221965.953428
36061014200	994933.651193	222459.987873
36061014300	993788.919230	224355.913215
36061014401	998776.446985	221725.218345
36061014402	999391.992670	222086.606730
36061014500	988611.137591	219739.181962
36061014601	997499.498095	222432.348492
36061014602	997827.518765	223023.845997
36061014700	987110.022483	220349.293275
36061014801	996415.744685	223032.665205
36061014802	996870.099420	223853.385348
36061014900	989102.085428	220666.841853
36061015001	995525.798303	223526.618613
36061015002	995979.190440	224347.050043
36061015100	987245.728577	221781.486277
36061015200	999507.069868	223350.404399
36061015300	989605.429566	221578.972902
36061015400	998339.667347	223947.534110
36061015500	988237.166883	222347.480552
36061015601	998788.361331	224756.396666
36061015602	999114.204512	225344.271802
36061015700	990122.445264	222512.085209
36061015801	997513.996426	225014.154680
36061015802	997964.636273	225832.216364
36061015900	988702.290952	223280.977372
36061016001	996622.351556	225508.025412
36061016002	997075.297172	226325.656322
36061016100	990566.211437	223434.181134
36061016200	1000954.454770	226356.922992
36061016300	989224.532690	224241.430176
36061016400	999625.906900	226267.205980
36061016500	991173.900838	224311.837187
36061016600	998542.990431	226869.709696
36061016700	989789.852097	225150.128818
36061016800	997719.863468	227487.800323
36061016900	991693.857804	225346.019502
36061017000	1000269.696950	227429.349653
36061017100	990220.825645	226185.288165
36061017201	999313.675241	228261.311900
36061017202	999768.182862	229083.832236
36061017300	992215.168769	226284.143610
36061017401	998489.074856	228880.377263
36061017402	998881.033062	229577.344701
36061017500	990701.917202	227107.705939
36061017700	992726.266500	227208.938020
36061017800	1002623.471770	228843.421300
36061017900	991318.904814	227993.443341
36061018000	1000975.078740	228704.748021
36061018100	993180.987704	228028.043666
36061018200	1000349.987800	230131.193003
36061018300	991801.221434	228914.982508
36061018400	999459.532233	230628.628359
36061018500	993564.896056	228736.444152
36061018600	998174.784474	230417.227207
36061018700	992350.493302	229853.871707
36061018800	1001621.183090	229868.590181
36061018900	994147.872253	229767.966695
36061019000	998751.941785	231457.611610
36061019100	992883.786526	230765.270803
36061019200	1003409.431160	230445.378070
36061019300	994782.937912	230924.869237
36061019400	1002194.637980	230914.720635
36061019500	993399.306821	231689.977287
36061019600	1001256.747470	231766.670375
36061019701	995490.079214	232676.567177
36061019702	995881.406187	231538.993008
36061019800	1000207.482510	232310.422896
36061019900	993894.106028	232641.833979
36061020000	999411.511988	232851.344714
36061020101	995266.796852	233085.837028
36061020102	996255.899205	232581.891185
36061020200	1002806.493710	231998.543927
36061020300	994891.146029	233899.342618
36061020400	1002186.285640	233279.162100
36061020500	994215.571264	234253.101425
36061020600	1001196.607830	233765.298267
36061020701	995749.225677	234011.373562
36061020702	996729.165975	233502.909356
36061020800	1000303.691310	234259.188027
36061020901	996705.811363	234952.727323
36061020902	997327.084726	234299.425152
36061021000	1002052.820030	235512.822331
36061021100	995464.340092	235744.679479
36061021200	1001135.014450	235758.125974
36061021301	997194.018391	235703.567028
36061021302	997912.588477	235112.449772
36061021400	1001908.275700	237228.536747
36061021600	996878.515413	230987.686368
36061021701	997780.855800	236620.955285
36061021702	998456.927939	236050.503999
36061021800	997393.741745	231916.045076
36061021900	996248.735833	236998.116277
36061022000	997910.145240	232849.619980
36061022101	998373.412030	238008.375083
36061022102	999145.096838	237539.616506
36061022200	998427.168812	233781.342854
36061022301	996977.053602	238252.895263
36061022302	996165.592955	238038.251335
36061022400	998933.595293	234795.584920
36061022500	997431.009715	239156.085714
36061022600	999526.711889	235638.264009
36061022701	999120.277662	239134.423356
36061022702	999888.985114	238668.446597
36061022800	999959.688385	236547.345525
36061022900	998008.126999	240042.699754
36061023000	1000472.707700	237474.085141
36061023101	999906.495578	240295.508632
36061023102	1000507.581970	239715.597718
36061023200	1000986.364480	238400.365112
36061023300	998552.815871	240963.825865
36061023400	1001223.945370	239390.714510
36061023501	1000219.324680	241377.063883
36061023502	1001152.782460	240909.420790
36061023600	1001933.568620	239815.052900
36061023700	998952.991908	242135.453115
36061023800	998167.347810	216978.158613
36061023900	1000559.361400	242525.814539
36061024000	1005124.672480	227466.225892
36061024100	999333.679794	243103.235628
36061024301	1001196.173770	243850.273832
36061024302	1001812.281790	242436.901659
36061024500	1000272.257310	244088.186414
36061024700	999324.562687	244511.989044
36061024900	1001834.529450	245001.023499
36061025100	1000873.160310	245436.476368
36061025300	1001299.713920	246372.747462
36061025500	1000251.802630	247062.879940
36061026100	1002384.625790	247426.303753
36061026300	1001548.677000	247803.895846
36061026500	1000952.686400	248877.514434
36061026700	1003994.017910	249086.186917
36061026900	1003346.145850	249165.745156
36061027100	1002427.434760	249670.403268
36061027300	1001572.036540	250411.637678
36061027500	1001062.358750	250673.382561
36061027700	1004336.827920	250947.218628
36061027900	1003164.174760	251097.145165
36061028100	1002223.216670	251272.171062
36061028300	1003963.864760	252207.717091
36061028500	1004157.274810	253154.615131
36061028700	1003227.100490	253645.532457
36061028900	1006129.791530	252658.484890
36061029100	1005289.683630	254178.512362
36061029300	1006344.168400	254767.834346
36061029500	1005010.282290	255348.650442
36061029700	1005164.775740	257117.176432
36061030100	1007976.347220	255494.583221
36061030300	1006748.769950	255968.255502
36061030700	1007271.464120	256724.466588
36061030900	1009032.886120	258428.881486
36061031100	1003511.846310	247713.907837
36061031300	998912.378472	245836.186527
36061031500	991539.215068	230703.860164
36061031701	979796.029893	198734.123907
36061031702	982416.793353	211737.186812
36061031900	982565.593580	194577.066932
36005000100	1016741.581990	227535.033169
36005000200	1023259.074530	234738.387856
36005000400	1025133.730230	234645.911335
36005000500	1012409.208110	230596.817071
36005001100	1008848.627630	231676.639059
36005001500	1006985.206160	231936.592279
36005001600	1023532.573330	237637.277072
36005001700	1005063.003310	232989.698112
36005002000	1021311.349090	237171.281285
36005002300	1004777.875930	234056.798996
36005002400	1019903.535960	236798.401781
36005002500	1006154.275410	233299.475380
36005002701	1007405.715490	232599.353421
36005002702	1008120.704220	233099.611606
36005002800	1018023.006590	238666.976784
36005003100	1010354.730260	234353.515923
36005003300	1008627.896770	233752.648030
36005003500	1009531.086240	234747.027603
36005003600	1022140.772960	239386.942208
36005003700	1008561.720390	234924.861237
36005003800	1022073.829850	238162.042426
36005003900	1006003.091320	234289.164673
36005004001	1023455.307730	241070.775454
36005004002	1023724.199910	239806.634610
36005004100	1006557.374660	234895.094892
36005004300	1007211.200130	235711.100806
36005004400	1021204.946750	240424.508702
36005004600	1020504.965210	239009.863237
36005004700	1004987.715400	235849.898101
36005004800	1019022.414370	240604.545415
36005004900	1003985.290240	235700.610669
36005005000	1017968.207810	240333.005604
36005005200	1016787.365360	240095.107130
36005005301	1003586.168340	242106.238278
36005005302	1006590.523550	251002.059397
36005005400	1017512.164760	241653.672254
36005005600	1017694.914400	242646.832341
36005005700	1003801.074730	238218.029519
36005005800	1016900.616120	242702.440826
36005005901	1004758.910090	239611.035919
36005005902	1005435.537670	239521.745088
36005006000	1018760.335170	244916.412448
36005006100	1005654.242940	238854.804820
36005006200	1018689.134520	242892.202257
36005006400	1019606.802630	242788.600430
36005006500	1005932.212200	237088.503563
36005006600	1020563.807610	242934.240231
36005006700	1006898.479630	237851.813060
36005006800	1020081.076950	241315.417025
36005006900	1007561.895950	238716.357263
36005007000	1021437.914460	241630.789426
36005007100	1008375.210600	237387.146995
36005007200	1022784.898310	242027.239420
36005007300	1009331.620100	236097.989140
36005007400	1024975.698720	237867.742818
36005007500	1009541.439230	237592.685954
36005007700	1010704.088810	237942.644899
36005007800	1024920.359260	241364.933002
36005007900	1010582.566750	236506.035240
36005008100	1010286.852110	232841.919536
36005008300	1011421.477800	235737.073523
36005008400	1026390.610260	236460.156394
36005008500	1012184.842080	236681.366582
36005008600	1025820.631740	238017.158530
36005008700	1012683.048760	237923.284702
36005008800	1026666.821320	238167.095566
36005008900	1013611.474400	237516.702182
36005009100	1013626.443530	235973.714126
36005009200	1025086.923890	242566.325941
36005009400	1026746.175170	242202.577652
36005009700	1016653.995550	233100.736604
36005009800	1025920.962910	240054.954323
36005009900	1014942.425480	236322.870908
36005010200	1027660.898400	238288.532331
36005010500	1018442.636660	234629.678756
36005011000	1030285.798340	237208.546630
36005011501	1016063.922250	236583.332657
36005011502	1015589.823140	237927.224655
36005011800	1038505.151320	235333.105827
36005011900	1014814.146860	239240.647225
36005012101	1015002.618600	241060.046473
36005012102	1015272.500610	240232.374900
36005012300	1014786.449090	241990.076109
36005012500	1013716.425640	241189.151858
36005012701	1014049.071950	240095.809228
36005012702	1013926.989190	238974.108388
36005012901	1012277.617160	238999.698231
36005012902	1013366.660910	238799.545745
36005013000	1035524.654980	237826.476168
36005013100	1012508.194130	240210.454668
36005013200	1033942.992140	236433.119375
36005013300	1010962.414080	239068.444813
36005013500	1011346.091790	240637.160508
36005013700	1010271.648400	240340.062349
36005013800	1036796.090430	238622.266572
36005013900	1009344.298880	240653.285147
36005014100	1008512.616490	239367.124990
36005014300	1008573.758100	240717.600307
36005014400	1033228.076900	238453.259692
36005014500	1009977.472160	242233.318733
36005014700	1010564.138630	243606.090265
36005014900	1011509.917910	242627.950161
36005015100	1012346.033030	242081.959455
36005015300	1013549.437120	242949.463298
36005015400	1032094.430550	240568.394569
36005015500	1014692.277030	243699.612716
36005015600	1033212.793470	240191.348407
36005015700	1015470.586830	242853.426416
36005015800	1034450.027210	239847.189319
36005016000	1034693.019180	242151.157808
36005016100	1016070.686350	244189.156684
36005016200	1033577.172990	241299.935429
36005016300	1013307.791610	244800.924162
36005016400	1032719.788880	242519.274197
36005016500	1011769.328480	246398.305153
36005016600	1031234.579580	241329.727692
36005016700	1011317.566920	245502.120266
36005016900	1011166.015050	244522.318748
36005017100	1009842.803130	245494.652105
36005017300	1007355.646690	240334.181783
36005017500	1008145.905610	241980.149620
36005017700	1009082.771520	243460.608929
36005017900	1007953.010000	243837.528779
36005018100	1007152.475840	242398.695042
36005018300	1006518.771720	241017.475364
36005018400	1031489.598750	244417.472173
36005018700	1004517.083470	241686.123961
36005018900	1003944.967490	242556.858440
36005019300	1004090.173890	243839.619982
36005019400	1029645.944960	243027.156056
36005019500	1005689.619840	241852.185309
36005019600	1027684.825850	243703.933574
36005019700	1006392.087270	243575.238293
36005019800	1026869.729050	245891.678542
36005019900	1004878.678550	244134.191571
36005020100	1004758.556740	245971.019919
36005020200	1026425.534080	244798.958614
36005020400	1025516.178280	245661.968043
36005020500	1006033.562720	248671.225476
36005020601	1025608.045880	244123.390412
36005020602	1024766.471450	244572.757623
36005020800	1024113.666980	243410.543084
36005021000	1023692.838100	245240.217903
36005021100	1005413.122360	245443.937639
36005021200	1023288.285760	243933.934754
36005021301	1006458.500850	247352.040451
36005021302	1006274.143280	246443.224683
36005021400	1021583.202880	242912.050643
36005021501	1006866.305480	248767.032699
36005021502	1007282.750180	248246.867729
36005021601	1021655.137780	244444.746724
36005021602	1022378.213100	244238.614263
36005021701	1008224.702040	248258.728598
36005021702	1007336.044370	246651.669148
36005021800	1020293.803880	244395.585077
36005021900	1006495.913170	245200.049676
36005022000	1019493.940330	246472.213470
36005022100	1007206.297580	244574.389182
36005022300	1007891.537680	245864.317048
36005022401	1020627.008270	250816.024992
36005022402	1021375.316490	250762.900427
36005022500	1008887.031090	245369.771449
36005022701	1008851.601700	247780.008099
36005022702	1008323.325530	246907.095146
36005022703	1009002.765120	246764.760457
36005022800	1022001.607230	250256.133724
36005022901	1009901.169160	247512.566704
36005022902	1009950.416110	246687.881674
36005023000	1021317.390750	248724.558375
36005023100	1011225.624840	247552.468855
36005023200	1022066.269500	247882.622395
36005023301	1009495.485260	248807.501122
36005023302	1010602.351480	248312.755721
36005023400	1022219.100890	247076.170267
36005023501	1010654.053150	249758.221334
36005023502	1010956.808450	249440.568426
36005023600	1020977.113210	247194.693980
36005023701	1011766.299940	252069.828259
36005023702	1012649.930720	252845.573755
36005023900	1011115.903930	252213.308943
36005024000	1020530.427430	245931.981611
36005024100	1010203.125900	250116.299030
36005024200	1023009.618660	246424.886465
36005024300	1008722.662980	249851.135518
36005024400	1023673.436560	247610.014016
36005024500	1007873.093820	250394.191847
36005024600	1022661.120340	249570.822430
36005024700	1007087.009100	250891.908043
36005024800	1023418.450520	250932.019511
36005024900	1008295.903670	251684.936640
36005025000	1024170.476580	249610.010344
36005025100	1009773.989290	251347.684362
36005025200	1024375.880370	247946.138016
36005025300	1010652.466540	252980.318892
36005025400	1025064.093230	248442.680002
36005025500	1009439.343310	252811.029861
36005025600	1025691.465660	246947.271575
36005025700	1008301.964680	252773.400343
36005025800	1027787.545790	246731.433424
36047011800	981060.928610	170662.317190
36047012000	980981.810002	169822.200432
36047012100	986732.936623	183914.457024
36047012200	979367.287641	171765.271677
36047012300	986534.696862	184804.195730
36047012400	978666.917322	170838.989081
36047012500	988272.403033	186435.955918
36047012700	989006.312654	187655.560434
36047012801	980557.374499	169094.737648
36047012802	979585.020801	169840.327692
36047012901	990201.892612	187649.435775
36047012902	990898.881047	187296.532937
36047013000	978314.595192	169745.741923
36047013100	989907.099566	186187.535483
36047013200	979905.520488	168071.735757
36047013300	989435.033253	185263.489759
36047013400	978588.765248	168611.618207
36047013500	988878.665928	184400.344176
36047013600	977985.800574	167668.354018
36047013700	988321.425900	183520.818376
36047013800	977166.461662	166730.748609
36047013900	987762.918159	182643.169869
36005026100	1010279.754690	255040.860047
36005026300	1010678.141030	254356.084185
36005026400	1030707.628860	246004.602201
36005026500	1011712.605820	254683.711483
36005026601	1030141.815680	248065.263762
36005026602	1031111.591300	247535.065019
36005026700	1011786.050560	256781.841801
36005026900	1009782.364610	255349.377146
36005027101	1010006.161730	258260.355904
36005027102	1009292.207450	255535.572312
36005027300	1011030.138680	257662.723241
36005027400	1033878.017860	245849.364650
36005027600	1033277.251670	250512.659785
36005027700	1011520.928060	259315.447954
36005027900	1012664.551750	260830.646367
36005028100	1014486.903100	261285.320983
36005028300	1011304.641740	260283.968983
36005028400	1028917.041890	249104.347641
36005028500	1011206.531700	262252.608746
36005028600	1026360.178890	248689.891777
36005028700	1010614.067010	260888.794545
36005028800	1025339.314790	250553.110492
36005028900	1009914.880090	259818.519126
36005029300	1006957.314150	259972.103137
36005029500	1009533.853950	261696.548507
36005029600	1027101.827340	250956.457126
36005029700	1008590.548750	261628.151662
36005030000	1030936.006030	249805.502079
36005030100	1006942.672120	261078.160308
36005030200	1033157.486160	253842.574385
36005030700	1008312.132970	264686.279404
36005031000	1029597.057590	253092.002396
36005031200	1027829.609020	253388.406659
36005031400	1026976.799700	253196.825021
36005031600	1026093.850030	253353.026480
36005031700	1008033.492450	267878.493820
36005031800	1025307.373250	253345.726954
36005031900	1009964.347840	271921.521495
36005032000	1024517.644520	253314.101033
36005032200	1023800.514390	253593.709398
36005032300	1009799.394760	269117.991997
36005032400	1023057.126770	253120.814674
36005032800	1022109.277620	253260.950221
36005032900	1010469.978060	263795.436369
36005033000	1021308.605000	253231.204873
36005033200	1020460.786820	253159.309020
36005033300	1010466.170320	266301.312919
36005033400	1018685.613860	251816.478372
36005033600	1020513.625300	255719.077194
36005033800	1021362.429370	255701.427623
36005033900	1011134.708360	268957.266925
36005034000	1022162.672850	255703.638905
36005034100	1011491.134150	270933.893877
36005034200	1022964.104970	255696.192725
36005034300	1012389.889250	270733.189882
36005034400	1023764.546620	255678.361396
36005034500	1012263.198550	268754.329995
36005034600	1024953.942860	255651.188222
36005035000	1026221.693930	255734.985299
36005035100	1011914.290460	265460.702396
36005035200	1027133.786270	255283.182069
36005035400	1028304.915160	254932.070238
36005035600	1029584.973620	255161.956261
36005035800	1027781.700650	257732.964899
36005035900	1016520.080460	245414.680152
36005036100	1017570.556710	246170.366633
36005036300	1016688.262540	246988.755416
36005036400	1025950.944150	257595.873965
36005036501	1015849.303260	247300.670475
36005036502	1015287.847360	246201.819654
36005036600	1024729.734650	257095.701409
36005036700	1014878.376400	245605.104312
36005036800	1024086.271690	258208.645378
36005036901	1014164.022180	246925.270963
36005036902	1013885.721230	246267.115455
36005037000	1023239.362950	257399.227049
36005037100	1015408.119100	247963.669149
36005037200	1022061.521810	257657.725220
36005037300	1014642.921490	248532.112565
36005037400	1021122.780250	257923.619701
36005037501	1012682.413270	247252.008498
36005037502	1013489.488100	248093.402813
36005037503	1014055.750420	249422.047137
36005037600	1020418.395170	257936.377878
36005037700	1012948.576120	249110.250845
36005037800	1021132.081740	259843.387843
36005037900	1012252.196280	249542.629245
36005038000	1022285.646030	259219.446834
36005038100	1011595.818000	249705.184038
36005038200	1024421.148980	258939.209861
36005038300	1012912.205790	251654.884863
36005038500	1013992.780070	251243.534964
36005038600	1026173.032280	259789.079881
36005038700	1014894.128990	251891.357815
36005038800	1024248.425900	259773.370267
36005038900	1016067.300200	251315.736919
36005039000	1022757.520410	260363.739493
36005039100	1015477.542190	250110.456522
36005039200	1021653.503590	261108.707163
36005039300	1016581.628240	249898.355568
36005039400	1022021.666570	262275.258964
36005039600	1023250.704790	261528.597071
36005039700	1015924.378570	253264.274361
36005039800	1024768.690280	260902.124243
36005039901	1013665.198050	253896.852820
36005039902	1013362.478510	252774.094567
36005040100	1012557.622180	254291.251638
36005040301	1013503.781050	255828.740689
36005040302	1014067.096520	255479.852279
36005040400	1025353.038190	262168.128600
36005040500	1014760.981290	254928.034157
36005040600	1023787.887120	262814.684722
36005040701	1014600.978980	256836.985391
36005040702	1015503.704540	255949.393335
36005040800	1022490.754870	263466.055138
36005040900	1013754.400620	258637.794782
36005041000	1022716.970950	266464.194483
36005041100	1015461.586190	258294.537594
36005041300	1015999.605780	257756.574103
36005041400	1024570.242510	268558.447841
36005041500	1016458.391940	256304.368346
36005041800	1023638.976660	266094.440958
36005041900	1016975.312820	258765.684290
36005042000	1022997.535030	264660.376897
36005042100	1016668.216980	260442.105478
36005042200	1024265.026910	263962.559723
36005042300	1018186.249370	258839.522397
36005042400	1025852.310810	263302.397985
36005042500	1017704.111560	256660.895520
36005042600	1027957.108770	263877.805299
36005042800	1026908.710270	265209.470943
36005042901	1018963.881020	257996.639568
36005042902	1019163.138170	258883.394028
36005043000	1025539.694640	264824.795203
36005043100	1018287.923050	260656.074538
36005043200	1024478.650830	265562.975813
36005043500	1016884.891410	265217.322633
36005043600	1025784.525190	266222.695623
36005043800	1026977.130410	266861.770132
36005044000	1025582.009520	267412.444883
36005044200	1026763.243700	268624.579926
36005044600	1028002.184140	267224.886203
36005044800	1028124.595310	265563.432505
36005044901	1019251.327300	266286.794904
36005044902	1020468.497430	266770.987833
36005045101	1021602.296020	266293.183014
36005045102	1021544.466080	267431.607575
36005045400	1030977.742820	263776.513179
36005045800	1027053.461950	262059.592072
36005046000	1027761.613750	260815.515492
36005046201	1031914.327560	257831.414177
36005046202	1030122.436130	259560.337884
36005048400	1029975.046010	262226.012671
36005050200	1035614.894310	262685.349023
36005050400	1038575.146590	256797.255812
36005051600	1044732.135910	248795.080215
36047000100	986080.277167	194234.315321
36047000200	981173.051746	177276.083818
36047000301	985151.466689	192944.487520
36047000302	984040.193649	191773.452461
36047000500	985991.458119	192648.064229
36047000700	985191.480061	191453.221474
36047000900	986571.238128	191292.719827
36047001100	987658.213972	191861.532009
36047001300	987468.272751	193440.913693
36047001800	980178.240415	177915.762329
36047002000	979820.880894	175381.022976
36047002100	987874.170561	195472.385024
36047002200	978223.447737	173694.863946
36047002300	988887.405083	194146.697386
36047002500	989100.785562	192819.115724
36047002700	988797.045684	191512.349965
36047002901	990322.972422	192475.511424
36047002902	990199.898521	193320.272202
36047003000	976141.869223	171942.159775
36047003100	990431.571286	191249.861973
36047003200	973978.516594	168503.253595
36047003300	990320.652217	190120.489560
36047003400	974830.964364	171424.828788
36047003500	990857.689529	188951.931529
36047003600	975674.205460	170511.182322
36047003700	988480.878009	190447.617514
36047003800	974549.516436	170394.304931
36047003900	989564.886668	188807.076504
36047004000	974092.345435	169096.451227
36047004100	988395.171816	189423.556898
36047004200	975171.866898	168890.565484
36047004300	987134.316398	190010.030791
36047004500	985557.174867	189986.706034
36047004600	974344.988958	167682.511142
36047004700	984231.005275	190099.013881
36047004900	984683.941706	189933.346233
36047005000	974008.867255	166668.516122
36047005100	983288.492397	188283.471908
36047005201	973797.493990	165745.989752
36047005202	973639.784332	164986.482741
36047005400	974500.117913	164134.697699
36047005500	981435.636522	184942.923799
36047005601	974545.526943	163483.441456
36047005602	974571.993426	162738.067947
36047005700	980978.174839	185368.996438
36047005800	975313.845288	164828.709106
36047005900	982559.847529	186799.733078
36047006000	975476.480790	165919.522870
36047006200	975798.459148	166949.680258
36047006300	983889.218557	187741.070762
36047006400	976253.223987	168412.137307
36047006500	984402.221468	186686.470837
36047006600	976617.404361	169579.905641
36047006700	985020.170692	188540.158731
36047006800	976969.725835	170688.808279
36047006900	986551.617104	188926.017867
36047007000	977536.495699	171818.084235
36047007100	987809.313736	188225.549124
36047007200	978608.422689	172525.973896
36047007400	979525.690539	173117.105259
36047007500	986467.229806	187489.137867
36047007600	980171.281111	173940.456303
36047007700	985576.289330	185930.902466
36047007800	980818.363807	174756.517991
36047008000	981464.528853	175571.702056
36047008200	982110.402233	176388.504556
36047008400	982999.488053	177512.682098
36047008500	982456.403182	185508.762891
36047008600	983211.034874	175351.862601
36047008800	984160.105155	175986.686790
36047009000	984889.602055	174941.230876
36047009200	984433.509136	174382.892426
36047009400	983867.478772	173668.480469
36047009600	982644.649852	174637.182600
36047009800	981997.897209	173821.516252
36047010000	981351.080917	173005.192425
36047010100	984294.758757	179142.847473
36047010200	980701.096981	172185.260666
36047010400	981923.749063	171215.759324
36047010600	982573.742842	172035.730782
36047010800	983220.275342	172852.268191
36047011000	986255.956606	174112.778137
36047011200	985450.295816	173266.475039
36047011400	984468.726257	172235.502692
36047011600	983237.172289	170942.030869
36047011700	986108.329277	182850.052657
36047014000	978790.168388	165441.623563
36047014100	987196.784777	181712.904013
36047014200	978009.021328	166070.515022
36047014300	986283.699989	181056.648763
36047014400	979429.724196	164929.701030
36047014500	985651.157619	180226.221618
36047014600	980040.719037	164444.320440
36047014700	987227.478613	179624.366523
36047014800	980651.676804	163959.919177
36047014900	988362.923193	180615.954763
36047015000	981263.121447	163475.491669
36047015100	989081.281336	181805.366098
36047015300	989638.496101	182684.024118
36047015400	978993.351053	161938.459310
36047015500	990197.184288	183563.292372
36047015600	977245.474955	162580.371083
36047015700	990791.834345	184488.408304
36047015800	977789.935480	164062.841544
36047015900	991721.261620	185267.526825
36047016000	976791.278685	164788.954265
36047016100	991688.444429	186977.324258
36047016200	975500.619849	162917.361551
36047016300	992570.412481	186719.959615
36047016400	976427.422457	161051.282278
36047016500	991450.423907	183366.697949
36047016700	990138.328435	181298.392702
36047016800	979998.010461	159583.993218
36047016900	989441.719263	179474.707702
36047017000	980742.152345	161564.639847
36047017100	990672.495345	178628.247124
36047017200	981377.104815	161108.885181
36047017300	989033.326708	178512.644009
36047017400	981102.335352	159377.595337
36047017500	986959.763597	176867.691590
36047017600	981862.128123	158893.973601
36047017700	992874.136611	180324.128575
36047017800	982938.329055	160411.380999
36047017900	992200.309875	188566.111763
36047018000	982264.304156	160896.638230
36047018100	991913.200213	189852.609846
36047018200	983505.536254	162411.991171
36047018300	992159.590140	191164.586553
36047018400	982266.355005	162865.894791
36047018501	991417.521086	192404.014192
36047018502	991710.686838	193242.450835
36047018600	982832.355514	163572.141738
36047018700	992391.435477	192357.314154
36047018800	983489.442454	164240.180756
36047018900	993553.798310	193189.799038
36047019000	984142.904402	165537.252309
36047019100	994116.655780	192573.340953
36047019200	984547.582726	168240.745918
36047019300	994610.432023	191130.426188
36047019400	983942.617401	167285.566397
36047019500	993262.862868	191177.435936
36047019600	983088.263138	166406.342434
36047019700	993472.179706	189935.991241
36047019800	982412.780237	164925.673479
36047019900	993424.404211	188488.118152
36047020000	981801.569846	165410.323757
36047020100	994405.900936	188423.006406
36047020200	981190.409323	165895.290307
36047020300	994008.435852	187004.342249
36047020400	980579.059167	166379.916306
36047020500	993763.043298	186100.778767
36047020600	979963.222472	166938.131725
36047041800	994009.017215	159840.539293
36047041900	1006147.557570	192611.303476
36047042000	994151.036616	161239.605720
36047042100	1005313.648150	193232.117523
36047042200	992581.099796	160376.757709
36047042300	1004411.690310	193950.085247
36047042400	990900.615296	160332.027483
36047042500	1003393.448580	194840.588387
36047042600	989750.979472	159940.807793
36047042700	1004437.282450	195655.616941
36047042800	988602.067071	159929.818642
36047042900	1005473.642250	194970.121921
36047043000	988636.024353	161242.000729
36047043100	1006516.324880	194191.844278
36047043200	989612.242544	161761.050216
36047043300	1007559.475350	193413.738222
36047043400	990653.405488	161535.058542
36047043500	1008602.268210	192635.513401
36047043600	990397.843007	162656.896521
36047043700	1009644.794670	191857.600587
36047043800	992272.291030	161636.232880
36047043900	1009398.240370	193396.858007
36047020700	993515.093991	185187.749425
36047020800	981538.642550	167336.561374
36047021000	981985.981222	167937.644490
36047021200	982626.260125	168610.881004
36047021300	995216.606992	182779.215856
36047021400	983366.998145	169388.989356
36047021500	994435.973711	184615.637708
36047021600	984313.978207	169820.618086
36047021700	995616.090773	184385.765465
36047021800	984854.324567	170388.641556
36047021900	996661.057515	184097.807051
36047022000	985482.417143	171047.906314
36047022100	996909.736152	185614.113730
36047022200	986202.854022	171804.288331
36047022300	995492.980783	185624.852553
36047022400	986938.719348	172633.639035
36047022500	995733.525249	186525.877326
36047022600	988038.838539	173168.840720
36047022700	996107.448714	187571.314212
36047022800	989376.097019	172127.153827
36047022900	996241.865768	188891.278763
36047023000	988612.573612	171650.417904
36047023100	995111.159040	189129.385243
36047023200	988074.413599	171024.941793
36047023300	996039.205084	190226.073666
36047023400	987597.178661	170212.957524
36047023500	995956.709842	191580.380341
36047023600	987112.408633	169600.594248
36047023700	995735.997357	193034.843639
36047023800	986626.560852	168988.861547
36047023900	996796.594317	193212.071631
36047024000	986141.450273	168376.737443
36047024100	997060.852319	191474.888754
36047024200	986245.997308	167296.966965
36047024300	997324.578170	189738.356794
36047024400	988070.912294	165796.038865
36047024500	997590.324685	188071.881452
36047024600	989477.984283	164493.616601
36047024700	998313.731375	186805.156295
36047024800	987027.973435	165655.825562
36047024900	998563.998919	188109.879736
36047025000	985405.259489	166480.051604
36047025100	998286.323950	189884.314507
36047025200	986432.264981	165096.933964
36047025300	998022.205383	191621.043317
36047025400	988735.160309	163956.187229
36047025500	997758.000531	193358.957164
36047025600	988231.542878	163334.599234
36047025700	998850.610551	193660.490682
36047025800	987745.560582	162714.110645
36047025901	999162.254284	192476.417919
36047025902	999458.419702	193204.945005
36047026000	986375.073166	164036.036151
36047026100	999304.043371	191540.696693
36047026200	985061.014770	164695.881288
36047026300	999466.317324	190473.148959
36047026400	984949.242684	163289.298471
36047026500	999608.581804	189539.036982
36047026600	986936.147503	162474.227595
36047026700	999770.886925	188471.133278
36047026800	986926.002510	161679.824000
36047026900	999971.476747	187491.140816
36047027000	987030.669952	160007.547489
36047027101	1000800.779550	186599.857493
36047027102	1002701.790180	186539.313979
36047027200	986266.330273	160851.575328
36047027300	1001602.048290	187419.942467
36047027400	985557.114172	161861.721274
36047027500	1001396.016550	188444.858724
36047027600	984391.866502	161842.516260
36047027700	1001233.897450	189512.623321
36047027800	983910.979341	160371.492955
36047027900	1001071.176980	190580.121842
36047028000	982659.576004	158746.762281
36047028100	1000908.433530	191647.374301
36047028200	983200.986666	158239.715723
36047028300	1000766.644780	192582.707732
36047028400	984543.571251	159939.964947
36047028501	1000307.054490	194101.693211
36047028502	1000642.138460	193382.081790
36047028600	983862.717298	157825.244439
36047028700	1002155.992390	192721.696627
36047028800	985204.497751	159516.109824
36047028900	1002828.520900	191780.867800
36047029000	985819.479789	159028.909682
36047029100	1002680.419490	190824.595107
36047029200	984720.640451	157656.442283
36047029300	1002842.873240	189757.123160
36047029400	985040.731346	156574.948711
36047029500	1003005.243320	188689.538025
36047029600	986186.810747	158219.643584
36047029700	1003216.406280	187489.815031
36047029800	987607.823653	158173.857259
36047029900	1004827.685870	186337.267467
36047030000	987375.832647	156926.563493
36047030100	1007469.872510	186158.231736
36047030200	986847.426552	156310.501077
36047030300	1007019.017110	185240.950434
36047030400	986289.441119	155464.048046
36047030600	988101.122863	154650.677297
36047030700	1004715.049610	185403.825436
36047030800	989935.517488	152990.822349
36047030900	1002835.572400	185607.484478
36047031100	1001178.707930	185722.912069
36047031300	999697.770274	185760.408385
36047031400	987363.550191	153551.016767
36047031500	998141.077193	185881.011162
36047031701	998085.143250	184788.209542
36047031702	998015.715895	183815.559912
36047031900	998288.079852	182246.635557
36047032000	984967.380771	154181.464981
36047032100	997515.447210	182239.551909
36047032300	996713.255901	182120.785415
36047032500	995966.503458	182393.903963
36047032600	987525.669946	149321.646617
36047032700	995681.386574	180699.018245
36047032800	984893.503294	149262.712351
36047032900	998560.191840	180925.403619
36047033000	984681.516842	150299.401551
36047033100	1000338.778510	181252.525340
36047033300	1000194.717770	181864.186846
36047033500	1000232.172090	182504.188519
36047033600	982213.625452	149407.142509
36047033700	1000289.263840	183162.701638
36047033900	1000335.181400	183822.273481
36047034000	985228.548228	147788.442990
36047034100	999621.154613	184679.534234
36047034200	985121.456579	148439.416754
36047034300	1001215.813500	184657.569055
36047034500	1002643.173830	184558.463938
36047034700	1004230.084700	184352.254377
36047034801	989377.234156	151082.147033
36047034802	989331.233592	149652.587228
36047034900	1003730.450860	182755.642085
36047035000	990366.177060	149702.772823
36047035100	1002962.206000	182810.431673
36047035200	989773.086055	148152.198496
36047035300	1002194.674400	182864.596263
36047035400	991873.333167	150649.970404
36047035500	1002701.958820	181343.598649
36047035600	992566.126729	150108.789071
36047035700	1004549.424940	182664.641938
36047035900	1005372.531230	183554.956431
36047036001	993819.472647	149052.683572
36047036002	995018.340984	149263.290106
36047036100	1006453.609780	183228.805508
36047036200	994247.831698	149902.006676
36047036300	1007271.339120	184177.789175
36047036400	994290.519605	150648.514042
36047036501	1008793.337380	185215.882243
36047036502	1009863.603290	185087.406450
36047036600	994301.750882	151623.043261
36047036700	1010703.152130	186133.334476
36047036900	1009425.398780	186904.592120
36047037000	994484.751500	153437.676114
36047037100	1008147.725160	187135.221908
36047037300	1007764.857490	188468.845225
36047037400	992520.236400	153255.337240
36047037500	1006016.098520	189804.458696
36047037700	1006385.723110	188518.324129
36047037900	1006614.940820	187210.779500
36047038100	1004933.648580	187409.319457
36047038200	989395.919158	154784.615678
36047038300	1004716.475790	188675.763774
36047038500	1004553.777950	189743.391560
36047038600	991163.181700	155086.203657
36047038700	1004286.652830	190866.868972
36047038800	992789.648591	155296.429615
36047038900	1001653.706980	194107.007505
36047039000	994129.580951	155313.066064
36047039100	1002646.309980	194237.662756
36047039200	994514.758002	156362.881878
36047039300	1003659.537940	192720.233048
36047039400	993950.684327	157324.780545
36047039500	1005120.988760	191752.415758
36047039600	992662.680997	156908.446732
36047039700	1006674.421350	190289.466584
36047039800	991050.411912	156214.778172
36047039900	1007114.203600	190758.665120
36047040000	990880.989679	157074.172122
36047040100	1008450.198630	189384.158355
36047040200	989047.972348	156416.066811
36047040300	1009688.597400	188679.021970
36047040400	988298.880014	158668.995704
36047040500	1010549.222000	187609.757704
36047040600	989159.269369	158058.587476
36047040700	1011637.040030	188621.317689
36047040800	990043.871602	158307.265456
36047040900	1010681.426780	191079.499453
36047041000	991066.933861	158230.434901
36047041100	1010000.264100	189903.018866
36047041200	991416.553568	159388.339082
36047041300	1009037.165960	190607.113586
36047041401	992284.797895	158495.502285
36047041402	993153.100620	158756.739951
36047041500	1007990.886890	191383.748844
36047041600	994389.042374	158752.466666
36047041700	1007011.949210	192043.416488
36047044000	992308.954343	162623.315551
36047044100	1008081.225620	194835.366941
36047044200	993802.249584	162390.877040
36047044300	1007350.301560	195520.198904
36047044400	992767.134201	163618.275176
36047044500	1006521.875390	196150.388589
36047044600	990896.895487	163421.608902
36047044700	1005704.344870	196752.535022
36047044800	991609.288091	164420.811628
36047045000	991831.447096	165724.707971
36047045200	993088.689988	165223.578395
36047045300	1003946.836250	196712.116796
36047045400	993965.993351	164681.170360
36047045500	1003587.595500	200720.121904
36047045600	993515.713084	167405.680002
36047045800	992854.324315	167236.116037
36047046001	992977.004188	168915.454870
36047046002	994625.198070	170003.633140
36047046201	991601.489878	167937.469293
36047046202	991403.664815	166828.050580
36047046400	990244.714049	166850.550207
36047046500	1001372.127160	200564.291507
36047046800	989622.709387	165698.419309
36047047000	987931.905682	167196.432717
36047047200	988655.577463	167724.693800
36047047300	1001243.869870	202030.957536
36047047400	989144.793020	168323.239847
36047047600	989642.939005	169007.519975
36047047700	1000290.820600	200947.953797
36047047800	990113.550269	170041.242317
36047048000	991337.961862	168909.906981
36047048100	1001299.470150	199361.143978
36047048200	992711.712723	169981.512777
36047048300	1001823.778820	197728.333596
36047048400	991569.920716	170364.980186
36047048600	990237.701595	172052.609685
36047048700	1002067.693680	195856.802562
36047048800	990852.715129	172620.389389
36047048900	1001090.827200	195374.574524
36047049000	991737.532913	171760.501345
36047049100	999749.133360	195612.077330
36047049200	992518.983778	172777.643012
36047049300	1000509.550150	197155.197931
36047049400	991515.221350	173526.666448
36047049500	999953.168713	198814.425256
36047049600	989678.801138	173789.561920
36047049700	999608.741908	200219.202958
36047049800	989056.125546	174424.223052
36047049900	998976.448554	201927.129332
36047050000	990497.459606	175454.587789
36047050100	998408.980856	200043.165580
36047050201	990039.596349	176884.289654
36047050202	991108.906874	177371.334940
36047050300	998815.003995	198755.181608
36047050400	991580.562099	175624.564155
36047050500	999513.767361	197243.690536
36047050600	993446.843143	175718.535752
36047050700	998943.429591	194823.363684
36047050800	994810.445403	177024.435043
36047050900	997956.929923	195503.292114
36047051000	995317.639270	175235.918935
36047051100	998506.431121	197063.743061
36047051200	994416.612529	174835.539815
36047051300	997512.006601	198605.011961
36047051400	994954.342425	173465.129170
36047051500	997963.157929	201280.907855
36047051600	996088.930378	172426.660774
36047051700	996862.345170	201833.160688
36047051800	995130.661298	171714.628405
36047051900	996681.253669	200034.292567
36047052000	994189.918428	171513.625855
36047052200	993782.850345	174082.855952
36047052300	995672.962706	198573.672456
36047052400	993025.766557	173748.097108
36047052500	995353.831127	197561.935307
36047052600	993498.657672	171160.790602
36047052700	997087.857843	197369.249668
36047052800	994629.588809	169111.697916
36047052900	996863.602714	196447.656367
36047053000	994316.412926	167842.087594
36047053100	996957.718339	194574.304799
36047053200	995282.631138	167427.595313
36047053300	996072.436645	195680.801930
36047053400	994568.483616	166102.119945
36047053500	995001.040822	196545.707024
36047053600	995402.085624	165273.824686
36047053700	995353.715970	194416.577096
36047053800	996233.507189	164505.693348
36047053900	994582.964558	195284.678378
36047054000	994863.522396	164180.347214
36047054200	995083.983898	162539.345903
36047054300	992099.258240	194777.228606
36047054400	996135.861059	162691.692711
36047054500	993871.842949	196249.794558
36047054600	997265.002829	162664.369603
36047054700	993716.160846	197409.240402
36047054800	998583.498224	161247.742187
36047054900	993882.703164	198358.365800
36047055000	997489.146410	161058.880032
36047079000	997099.398830	172807.647545
36047079200	996762.903440	174184.631668
36047079400	996657.870514	175583.926113
36047079600	995922.350659	177726.153456
36047079800	995372.007600	179407.207508
36047080000	997077.174137	179985.475709
36047080200	997168.155910	178875.720711
36047080400	998402.741040	179362.660353
36047080600	999825.105321	180341.678737
36047081000	999635.077814	179414.052639
36047081200	1000164.236200	178788.645425
36047081400	1000832.354620	177420.858791
36047081600	999731.508395	177379.844109
36047081800	998685.628597	177219.833930
36047082000	997760.341406	177350.696202
36047082200	996895.048189	177290.307871
36047082400	998302.838680	175673.080462
36047082600	998410.558937	174295.016289
36047082800	998236.412632	172812.287627
36047083000	999374.422823	172773.571169
36047083200	1000450.703480	173006.227528
36047083400	1001324.647270	173016.218322
36081020600	1037188.386240	192338.525150
36081020800	1037541.243470	193682.541162
36081021200	1036568.108280	194701.889846
36081021400	1035536.462380	196605.839450
36081021600	1033292.888120	197790.975531
36081021900	1007037.088930	203155.100957
36081022001	1034135.092800	199488.826794
36081022002	1035701.068670	199199.694826
36081022900	1008928.520180	207041.731636
36081023000	1037437.414940	198969.331114
36081023200	1036570.628610	197855.437016
36081023500	1007087.871310	208657.465281
36081023600	1038336.201530	197041.087595
36081023800	1037196.035830	196265.661324
36081024000	1038175.226460	195607.491381
36081024300	1011358.921490	207660.648049
36081024400	1040295.232710	195682.490575
36081024500	1010580.193720	208708.671215
36081024600	1040392.921170	195011.893163
36081024700	1012123.063660	209751.597607
36081024800	1042129.382920	194348.854134
36081024900	1010786.272050	210061.466738
36081025000	1039831.541710	193875.143796
36081025100	1009283.999130	210686.296197
36081025200	1040912.185220	192823.649836
36081025300	1007801.807540	210493.795598
36081025500	1009762.035580	212691.850585
36081025700	1010523.473360	212574.270439
36081025800	1043236.615940	192934.922579
36081025900	1010980.864830	212018.472338
36081026000	1041567.231810	191731.261600
36081026100	1011791.737230	211521.931665
36081026200	1041907.275420	191097.918379
36081026300	1012761.632930	210959.588301
36081026400	1043652.803100	191547.578897
36081026500	1013798.755850	210749.883996
36081026600	1044789.084950	191422.885905
36081026700	1015274.317860	210839.222728
36081026900	1016803.106470	211069.045103
36081027000	1042100.976810	190251.530636
36081027100	1017643.608400	210801.490192
36081027200	1042127.131280	188391.020249
36081027300	1019499.918330	213348.043498
36081027400	1042772.504010	188876.283058
36081027500	1018725.332610	213331.041892
36081027600	1043532.651440	189855.669223
36081027700	1018067.326050	213532.017868
36081027800	1044455.870060	189314.751998
36081027900	1017437.972330	213150.566859
36081028000	1045338.518560	190124.676231
36081028100	1016779.512360	213352.586140
36081028200	1046961.573060	188917.854826
36081028300	1016150.102200	212970.703702
36081028400	1045862.403670	188010.175211
36081028500	1015526.377400	213076.190367
36047055100	994315.210829	199328.288401
36047055200	996395.178782	160902.943008
36047055300	995550.328109	200303.992486
36047055400	995336.689757	160742.358355
36047055500	994663.355474	200720.002153
36047055600	995522.358021	159026.709884
36047055700	995814.038212	202110.674897
36047055800	996640.729144	159206.695088
36047055900	996122.326965	203758.694238
36047056000	997735.258451	159364.808617
36047056200	998827.146031	159523.070768
36047056300	996130.520846	206826.076555
36047056400	999973.338292	160397.236670
36047056500	996231.977665	205347.439092
36047056600	1000521.473020	158917.185168
36047056700	996931.089455	204064.271711
36047056800	1001516.815190	158852.166598
36047056900	997452.880735	202967.964521
36047057000	1001777.702790	157611.733711
36047057100	998769.613337	203340.424406
36047057200	1001408.121180	156555.554065
36047057300	998432.403382	204528.514877
36047057400	999706.752211	158296.359310
36047057500	997223.490445	206006.373142
36047057600	998809.355056	157830.722118
36047057700	994643.546130	203132.907432
36047057800	997714.873977	157672.288380
36047057900	998510.020353	206752.315220
36047058000	996620.482465	157513.853657
36047058200	995563.153871	157343.131230
36047058400	995727.749998	155716.628905
36047058600	996854.742495	155895.027499
36047058800	995763.101962	154094.557018
36047058900	1000546.885370	204863.275035
36047059000	996835.494830	154228.438968
36047059100	1000069.382390	202886.932859
36047059200	997733.468428	155084.892308
36047059300	1001342.330630	203782.649899
36047059401	998795.651015	155331.038797
36047059402	1000074.973260	155915.578967
36047059600	1000898.356130	154634.652723
36047059800	1001960.414370	153469.578938
36047060000	999332.978024	153167.995551
36047060600	996431.876215	152940.376912
36047060800	998102.516902	152143.117352
36047061001	996323.805565	150688.005761
36047061002	996374.835318	149136.362538
36047061200	998250.494297	150914.287788
36047061400	998190.856949	150020.695415
36047061600	1000863.752190	149660.093774
36047061800	1000037.347350	150366.172087
36047062200	1002249.084720	152333.723926
36047062600	1002458.441260	155086.677738
36047062800	1004546.911490	154410.476662
36047063200	1003253.294330	157792.805527
36047063600	1001980.242090	161498.864060
36047063800	1001240.615610	160307.743739
36047064000	1000840.684980	161884.732055
36047064200	999133.463003	162321.043846
36047064400	1000219.953610	162904.293008
36047064600	1001036.880130	163676.459442
36047064800	1001890.020480	164323.880392
36047065000	1002670.558290	165158.324589
36047065200	1003661.688850	163259.897940
36047065400	1003183.139940	162597.523608
36047065600	1002301.639410	162619.601648
36047065800	1003353.126480	160824.792574
36047066000	1004219.210050	161176.696069
36047066200	1005249.088900	161270.652246
36047066600	1007688.895370	155464.237350
36047067000	1005692.981380	162517.950933
36047067200	1004293.928400	164708.489859
36047067400	1003608.159430	165102.375226
36047067600	1004458.544540	166987.310432
36047067800	1005685.642160	167408.781046
36047068000	1005018.454190	165669.410181
36047068200	1005313.464750	163946.639348
36047068600	1007215.285090	163283.760753
36047068800	1006708.881250	164154.585455
36047069000	1006273.331270	165156.620524
36047069200	1006430.595390	166506.691643
36047069600	1008977.834060	166771.981795
36047069800	1008203.978330	164063.609587
36047070000	1010139.882920	165189.568621
36047070201	1009636.301910	161067.921352
36047070202	1013583.755950	156019.346148
36047070203	1024562.416740	163305.841417
36047070600	1012459.073820	162901.428512
36047072000	1006443.125550	168392.886361
36047072200	1005237.146010	169540.095681
36047072400	1004495.927670	170306.712914
36047072600	1002603.451800	169688.590463
36047072800	1004511.770160	168623.460047
36047073000	1003723.985970	167426.295119
36047073200	1002679.206570	168059.777447
36047073400	1001604.960030	168012.595783
36047073600	1002077.112300	166640.761913
36047073800	1001162.307700	166042.733909
36047074000	1000556.067110	167858.418926
36047074200	999523.980923	167712.077355
36047074400	1000044.849300	166006.870136
36047074600	1000173.016370	164653.952894
36047074800	998992.033168	165853.324839
36047075000	998471.860652	167556.228258
36047075200	997422.712816	167404.381449
36047075400	997932.862058	165699.836629
36047075600	998689.533445	164018.136581
36047075800	997586.754154	163878.452477
36047076000	996801.047721	165656.767490
36047076200	996329.120187	167245.468709
36047076400	995729.155179	169507.150209
36047076600	996229.323798	169966.568581
36047077000	997064.532102	171042.207834
36047077200	997246.360806	169393.191447
36047077400	998660.263490	169247.040821
36047077600	1000588.645460	169145.010513
36047078000	1001139.415030	170446.966243
36047078200	1000501.822140	171669.102250
36047078400	1000082.833480	170360.334198
36047078600	998942.976180	170416.764859
36047078800	998447.793115	171529.114669
36047083600	1002254.870150	171396.795380
36047083800	1002251.466610	173092.095467
36047084000	1003317.910010	173179.689780
36047084200	1003456.007840	171494.904764
36047084400	1004445.729280	171550.411542
36047084600	1004378.652640	173284.386421
36047084800	1004268.857920	174795.372900
36047085000	1003032.738340	174545.355356
36047085200	1001388.729490	174994.782934
36047085400	1000193.039950	174153.237373
36047085600	999560.075339	175592.667237
36047085800	1001174.978280	176153.956141
36047086000	1002862.989990	176094.394908
36047086200	1004166.495260	176175.868171
36047086400	1005379.372430	177679.292329
36047086600	1004570.759540	178419.892554
36047086800	1003747.633560	177667.967549
36047087000	1002728.532580	177618.875127
36047087200	1001828.043570	177434.322675
36047087401	1001324.350030	179910.983404
36047087402	1002198.521510	178711.543874
36047087600	1002088.098170	179974.733604
36047087800	1003384.790790	179319.482290
36047088000	1003387.181530	180293.213282
36047088200	1004781.025860	179935.450875
36047088400	1005193.759280	180542.490343
36047088600	1006258.944490	178827.033144
36047088800	1006977.454860	177535.001279
36047089000	1007697.041020	178646.239214
36047089200	1005911.403520	180937.295328
36047089400	1007420.426740	180291.189992
36047089600	1008552.480580	179017.479285
36047089800	1008190.485240	180759.113925
36047090000	1006495.447620	182019.938503
36047090200	1007828.227770	182495.453629
36047090400	1008692.868750	183107.241447
36047090600	1009671.718500	183499.463103
36047090800	1010790.403600	183632.422155
36047091000	1011046.895540	181842.781049
36047091200	1009874.541590	181614.390102
36047091400	1008965.678250	181438.715256
36047091600	1009469.945940	179418.788194
36047091800	1010721.799080	180348.698408
36047092000	1011167.249960	179224.020211
36047092200	1010235.323350	178011.682084
36047092800	1008730.950700	177004.087315
36047093000	1007723.552780	176074.448426
36047093400	1006722.870070	175707.466876
36047093600	1006010.133310	175660.041446
36047093800	1005184.204180	176260.868657
36047094000	1005283.472680	174831.265873
36047094200	1005730.531830	173609.927108
36047094401	1005680.090000	172054.454826
36047094402	1006237.522940	170664.022239
36047095000	1007245.851960	171089.840285
36047095400	1007942.420450	172080.707726
36047095600	1008974.509270	170845.749894
36047095800	1008759.225250	172758.367460
36047096000	1007904.818820	174618.460524
36047096200	1009083.290870	174288.508756
36047096400	1009985.016430	173169.704892
36047096600	1011130.798590	172693.685831
36047096800	1010925.424660	173969.314513
36047097000	1009959.565370	175104.244330
36047097400	1012064.110040	175004.338033
36047098200	1013385.196970	176251.590788
36047098400	1014278.529500	174860.569948
36047098600	1013577.313380	174261.621671
36047098800	1012746.942010	173556.039749
36047099000	1012402.349200	172232.566346
36047099200	1011647.627610	171515.071062
36047099400	1010783.846200	170915.213994
36047099600	1009844.144010	170070.410237
36047099800	1009756.323980	168591.302959
36047100400	1010952.152290	169053.656693
36047100600	1011759.347860	169638.783804
36047100800	1012542.100230	170324.592472
36047101000	1013400.200220	171016.011364
36047101200	1013760.510520	172363.893839
36047101400	1014590.714900	173070.240852
36047101600	1015292.736790	173668.771807
36047101800	1015884.399320	173508.703229
36047102000	1015606.842790	171874.790815
36047102200	1014777.032440	171168.241047
36047102400	1013872.261280	169887.310210
36047102600	1012429.303540	168675.904168
36047102800	1014849.862020	169248.027696
36047103400	1015168.678310	168791.902624
36047105800	1016794.876830	175106.759088
36047107000	1020542.986790	175802.217671
36047107800	1018666.399330	179335.735867
36047109800	1011541.279390	177074.369983
36047110000	1014538.368550	177690.927476
36047110200	1015512.486350	179604.705473
36047110600	1016352.424960	178774.936463
36047111000	1017170.008620	179952.855367
36047111200	1018878.826070	180916.895434
36047111400	1018532.645660	181791.739157
36047111800	1018644.698260	182946.585272
36047112000	1017396.151540	182169.317142
36047112200	1015898.724420	181110.956069
36047112400	1015556.110930	181939.726065
36047112600	1013903.672310	181534.989342
36047112800	1014183.303640	180384.956209
36047113000	1012972.886110	180540.636344
36047113200	1012301.508850	180219.838101
36047113400	1012100.192650	182582.355030
36047113600	1011937.270400	184082.770336
36047113800	1011232.922730	185064.202428
36047114000	1012613.725080	185590.403803
36047114201	1012746.978100	187208.648927
36047114202	1014415.219510	187921.571385
36047114600	1014110.840200	186748.045845
36047114800	1014143.460540	185761.100641
36047115000	1015727.434080	184824.903038
36047115200	1014505.144530	184585.391706
36047115400	1013225.083770	184334.247523
36047115600	1013130.058700	182782.863815
36047115800	1014165.191140	182986.148841
36047116000	1015172.527380	183183.709798
36047116200	1016141.963440	183373.809155
36047116400	1017210.384200	183583.500665
36047116600	1016924.671840	185059.701453
36047116800	1016835.471560	186672.252033
36047117000	1015819.684550	186164.920043
36047117201	1015448.928730	187334.461995
36047117202	1016488.161890	188037.189264
36047117400	1017592.124580	188081.450987
36047117601	1018396.795210	188784.088689
36047117602	1019070.448720	189315.148651
36047117800	1019117.379070	187645.621806
36047118000	1018165.710700	190501.407433
36047118201	1019776.749140	189926.038833
36047118202	1020579.276080	190202.696088
36047118400	1020468.489560	188614.214357
36047118600	1020922.113000	187580.299102
36047118800	1021441.330130	186697.908150
36047119000	1019856.035400	186699.274617
36047119200	1018045.906480	185989.345919
36047119400	1018351.453440	184329.985721
36047119600	1019432.452920	185546.674560
36047120000	1021071.055280	185176.042427
36047120200	1021872.687540	185714.933082
36047120800	1021655.673210	183880.544362
36047121000	1019693.587570	183427.062658
36047121400	1021653.416980	182480.403790
36047122000	1022346.995640	181452.509848
36081000100	997887.239774	209925.810185
36081000200	1021373.726590	191889.444683
36081000400	1021751.914810	190575.486681
36081000600	1022043.500840	189200.389694
36081000700	997718.723707	210760.694998
36081000800	1023559.118550	189727.684899
36081001000	1023271.675230	190968.348100
36081001200	1022836.071770	192249.881626
36081001400	1024383.369850	192540.639903
36081001600	1024509.398800	190587.631342
36081001800	1025290.816200	190798.427508
36081001900	999461.846533	211985.751931
36081002000	1025976.122900	191210.283968
36081002200	1025683.569350	192876.132670
36081002400	1026796.086480	193313.553055
36081002500	999446.631340	214340.717694
36081002600	1027759.370320	193346.142229
36081002700	1000984.514420	213027.882065
36081002800	1027403.021620	191584.123443
36081002900	1001248.684490	214104.469807
36081003000	1026601.276510	191308.907130
36081003100	1002560.619210	213686.437178
36081003200	1026744.095770	189733.715727
36081003400	1023580.794030	188789.451211
36081003500	1000188.660700	215211.322908
36081003600	1023961.436310	188425.250168
36081003700	999727.148168	216740.359220
36081003800	1026546.701160	188804.339633
36081003900	1000613.407880	217191.689354
36081004001	1026996.767180	188239.722324
36081004002	1027805.087420	187618.828552
36081004100	1001085.953850	217008.338343
36081004200	1023644.552760	187711.784075
36081004300	1001560.317400	216515.722858
36081004401	1023250.244820	186009.911823
36081004402	1023572.998770	184172.205524
36081004500	1002597.679500	217823.670374
36081004700	1002767.359280	216277.214477
36081004900	1002053.403690	215355.070980
36081005000	1024478.683640	186222.002278
36081005100	1003051.144800	214583.885515
36081005200	1024560.413460	187328.917715
36081005300	1003843.526090	216300.064169
36081005400	1026197.048970	186603.221332
36081005500	1004256.157810	213911.867174
36081005700	1004842.079210	215064.355026
36081005800	1026241.052820	184701.634584
36081005900	1005325.071680	216065.331371
36081006100	1005846.436450	216914.705328
36081006200	1025170.460140	181854.973282
36081006300	1006404.361190	217809.207804
36081006500	1007464.628760	218843.209345
36081006700	1007787.401080	219998.029542
36081006900	1005809.146170	220366.001575
36081007100	1005565.095810	219484.380635
36081007300	1004922.558050	218722.555387
36081007500	1004380.508610	217828.929549
36081007700	1003160.230870	218625.497838
36081007900	1003654.715440	219488.296309
36081008100	1002647.405780	219844.884835
36081008300	1003999.686540	220771.217956
36081008600	1028316.162510	186002.083754
36081008700	1002369.788220	221414.337405
36081008800	1029001.726760	183738.834672
36081009100	1003727.110970	221950.453130
36081009400	1029589.242970	187581.606842
36081009500	1006197.823550	221418.651373
36081009600	1030772.054910	187396.273551
36081009700	1006794.013960	222180.600308
36081009800	1031062.965090	189031.265360
36081009900	1005554.085660	222927.612593
36081010000	1031710.201660	187485.448570
36081010100	1007443.505110	222881.084471
36081010200	1033353.325010	186623.144848
36081010300	1007768.821390	223849.648479
36081010400	1032357.529430	188147.654594
36081010500	1008357.851710	224480.353582
36081010600	1032794.453420	189137.904582
36081010700	1011201.860780	224516.068078
36081010800	1031230.123880	190201.145894
36081011000	1030006.081380	189726.555964
36081011100	1009919.937170	223026.477225
36081011200	1028884.115770	188556.777792
36081011300	1009601.682550	222101.677894
36081011400	1028111.421780	189961.846504
36081011500	1007992.868840	221222.144548
36081011600	1028951.202250	190271.410846
36081011700	1009030.974050	220566.986737
36081011800	1030307.986280	190957.511836
36081011900	1010268.853460	220261.676324
36081012000	1031762.042430	191268.181162
36081012100	1010974.495100	220828.315939
36081012200	1031089.535570	193087.231001
36081012300	1011586.529300	221481.707349
36081012400	1030194.269320	192613.405177
36081012601	1029333.528920	192050.034913
36081012602	1028420.982840	191868.231143
36081012800	1028581.942490	193712.882637
36081013000	1029214.924170	194472.976589
36081013200	1030169.621730	194820.774450
36081013400	1030003.708020	196272.473319
36081013500	1012232.281950	220060.976266
36081013600	1031755.400380	196756.159031
36081013700	1010587.323950	219445.416474
36081013800	1032724.526730	196749.694149
36081014000	1031646.308410	195708.979695
36081014100	1009981.863880	218725.164962
36081014201	1032872.919150	194708.836026
36081014202	1034116.923880	193895.696904
36081014300	1008761.758710	218472.846569
36081014400	1031802.385850	193816.924096
36081014500	1009871.465150	217738.427106
36081014700	1008973.337020	217269.953961
36081014800	1033496.083910	192359.426683
36081014900	1007950.972270	216852.208406
36081015000	1033845.260050	191953.739174
36081015100	1008948.738650	216238.818556
36081015200	1035951.584900	192126.555429
36081015300	1008173.059430	215478.057939
36081015400	1034012.707220	191513.172798
36081015500	1007078.315220	216188.694969
36081015600	1033998.100620	190837.732876
36081015700	1005880.601410	214358.546726
36081015800	1035402.129640	190093.904967
36081015900	1006873.126660	214640.787632
36081016100	1007910.530750	214384.706123
36081016300	1009211.035700	214830.110088
36081016400	1035126.583600	188922.849566
36081016600	1033979.815880	187533.492437
36081016800	1034943.222420	186843.590602
36081016900	1007979.603780	211904.005048
36081017000	1036599.638070	188669.176845
36081017100	1004888.786790	212441.315653
36081017200	1036509.851830	187905.624567
36081017400	1037165.605110	187252.357829
36081017600	1036988.259010	186632.184200
36081017800	1037255.768650	186002.184148
36081017900	1003569.878670	210594.668427
36081018000	1038342.491870	185565.988826
36081018100	1005532.575210	210491.154199
36081018200	1040040.908420	185679.952509
36081018300	1006509.552580	210835.770635
36081018401	1041886.961160	185334.393489
36081018402	1041287.681190	186702.393377
36081018500	1005796.265290	208753.873553
36081018600	1040114.723890	187076.277800
36081018700	1005144.613710	207653.892813
36081018800	1039863.871700	187712.225347
36081018900	1004202.548990	208916.612400
36081019000	1041043.404450	189047.459225
36081019100	1002442.522000	208952.380701
36081019200	1039628.842310	188514.829713
36081019401	1038329.301610	189078.847286
36081019402	1039193.849420	189408.260669
36081019600	1039740.460860	190533.679678
36081019700	1002553.932210	206662.433182
36081019800	1038933.844030	191395.468637
36081020200	1037624.173420	190657.456005
36081020400	1038384.697160	192244.165102
36081020501	1005812.523140	205263.853302
36081020502	1006482.265230	206645.819042
36081028700	1014884.124090	212893.387583
36081028800	1043624.303160	186642.719612
36081028900	1014200.559510	213005.587162
36081029100	1013298.924500	213017.257414
36081029200	1045494.793510	184201.842932
36081029300	1012110.772350	213249.849469
36081029500	1010087.621210	214727.810424
36081029700	1011112.565690	215692.368862
36081029900	1012069.675650	217672.821594
36081030400	1047149.091710	181573.892808
36081030901	1014566.163440	216462.127165
36081030902	1013008.602580	215472.822385
36081031700	1013859.769840	219508.998696
36081032000	1049439.976240	180319.529175
36081032700	1015993.611040	215616.368686
36081032800	1052020.713530	184139.643254
36081032900	1016734.506540	217802.931242
36081033000	1049792.849550	183513.446999
36081033100	1018922.355510	221452.500714
36081033401	1048755.713820	186804.496520
36081033402	1047545.939010	185380.308095
36081033700	1016766.337840	215724.553509
36081033900	1017539.037080	215832.354802
36081034700	1018061.126260	218474.776355
36081035100	1018312.463360	215860.957435
36081035200	1051480.680490	186921.250879
36081035300	1019121.343960	216049.591245
36081035500	1019425.343680	219170.547273
36081035800	1053323.907440	185583.164973
36081036100	1019593.938490	216658.448295
36081036300	1020426.080520	216075.336600
36081036500	1021481.856630	216020.078180
36081036600	1049953.141220	189164.054465
36081036700	1020832.444540	217366.123716
36081036800	1049015.771370	189045.700042
36081036900	1020642.647680	218849.585645
36081037100	1021807.542660	217750.067830
36081037300	1022879.981130	216059.949492
36081037500	1020268.498160	213039.694377
36081037600	1052432.361650	189963.178851
36081037700	1020622.790100	214611.792283
36081037900	1021905.487010	214545.275027
36081038100	1023553.703530	214752.327763
36081038300	1028100.322060	210082.185200
36081038400	1054233.005690	191981.297190
36081039400	1051146.081750	190622.749054
36081039800	1049470.014230	192412.149674
36081039900	1024760.575460	213186.392575
36081040000	1049450.620240	193717.976459
36081040100	1023841.362080	213097.162110
36081040200	1048367.045970	194402.185721
36081040300	1022916.843590	212797.115466
36081040400	1047802.929640	196265.856862
36081040500	1022251.890520	212503.208245
36081040700	1021484.460620	212689.738712
36081040900	1020936.806540	212426.847834
36081041000	1045393.412810	196421.539950
36081041100	1021542.571070	210288.255982
36081041300	1022680.820110	210634.577796
36081041400	1045044.968950	194253.363184
36081041500	1023980.699400	211325.317229
36081042000	1047979.149760	193000.280388
36081042200	1046978.620270	192490.392300
36081042600	1047969.078590	190334.900548
36081042700	1024758.819560	210266.380370
36081043200	1046392.298930	191226.942399
36081043400	1045631.574730	192998.356507
36081043700	1024658.058610	208436.583833
36081043900	1024204.307870	209593.404354
36081044000	1043971.121360	195354.964655
36081044200	1043282.629950	196831.205141
36081044300	1022334.201710	208949.472899
36081044601	1040174.546600	196394.556080
36081044602	1039741.602590	197351.487565
36081044800	1038967.423360	198382.977628
36081045000	1038367.144380	199546.639342
36081045200	1039808.166430	199711.494984
36081045400	1040796.531250	198973.927561
36081045500	1022403.773090	207565.151521
36081045600	1041367.999600	200550.947373
36081045700	1020320.909800	208075.325697
36081045800	1042211.555000	199930.124796
36081045900	1020086.343340	208860.320190
36081046000	1041504.141710	197380.967821
36081046100	1019923.010330	209532.803425
36081046200	1043031.209530	197967.146438
36081046300	1019968.163790	210363.316200
36081046400	1043282.243800	200572.027712
36081046500	1020188.524900	211443.280903
36081046600	1043829.990740	199485.857968
36081046700	1019000.094860	210889.776105
36081046800	1044609.920610	198203.022935
36081046900	1018281.355810	210795.709036
36081047000	1045990.398490	198498.474116
36081047100	1018453.696340	209259.168802
36081047200	1045508.866320	200877.425067
36081047300	1018603.708180	207913.368672
36081047500	1018654.811100	206655.415151
36081047600	1047687.576520	202577.429541
36081047800	1049063.334270	201525.556316
36081047900	1016501.449920	207227.948455
36081048000	1047180.247160	199080.699329
36081048100	1016157.557890	209693.461896
36081048200	1048586.157080	199796.783527
36081048300	1013983.686580	209518.480291
36081048400	1050799.204490	200158.545599
36081048500	1016205.817310	208774.795099
36081048900	1014120.546870	207883.652852
36081049200	1051206.266670	202751.036477
36081049301	1013557.785530	206115.437556
36081049302	1014214.706130	204524.356093
36081049500	1014605.958300	203623.162029
36081049600	1052687.879190	200577.248174
36081049700	1014632.981220	205892.505588
36081049900	1016455.570090	205751.794911
36081050000	1049790.192070	198748.241005
36081050201	1049429.075340	197599.724273
36081050202	1050983.326820	198109.281981
36081050400	1049583.755150	196258.240079
36081050500	1019003.637170	204851.008327
36081050600	1050883.211540	196507.229411
36081050700	1017160.304900	204336.852203
36081050800	1052059.523160	196944.469350
36081051000	1052529.911980	197939.665194
36081051100	1011961.708340	204338.813485
36081051200	1053526.142930	198197.011792
36081051300	1012652.852300	205943.494659
36081051500	1011550.541840	205608.029451
36081051600	1054326.535690	195398.856956
36081051700	1011814.590530	203392.841952
36081051800	1053011.004200	195072.438317
36081052000	1052269.105420	194815.755431
36081052100	1011628.311050	201999.848347
36081052200	1051526.570160	194560.509551
36081052400	1050252.736750	194842.323948
36081052500	1010130.326840	201230.442077
36081052600	1050866.576400	193338.920459
36081052700	1009858.546540	202410.026004
36081052800	1051155.301540	192224.313764
36081052900	1009395.706590	203124.779496
36081053000	1052869.479220	193068.170344
36081053200	1053821.912680	194442.094105
36081053400	1055114.225390	194213.905257
36081053500	1007484.391840	200118.992200
36081053600	1054853.777090	196662.877065
36081053800	1055634.347050	196770.689514
36081053900	1007324.064730	198140.954818
36081054000	1055434.790030	199073.211155
36081054200	1054523.938180	201357.606193
36081054500	1008476.462360	196338.719249
36081054700	1009284.013900	195640.506407
36081054800	1053191.395570	202856.816121
36081054900	1009810.998730	195117.208241
36081055100	1010892.794470	194901.067597
36081055200	1053638.374990	204660.968681
36081055300	1010162.533460	193936.726350
36081055400	1056268.675180	204537.132970
36081055500	1011070.115640	193309.173471
36081055600	1054928.517420	203717.117550
36081055700	1012444.010530	193842.371551
36081055800	1055845.992950	202620.573811
36081055900	1011505.721720	192258.582396
36081056000	1057269.190890	203683.136647
36081056100	1016000.263920	191807.110530
36081056200	1058202.368490	203394.345886
36081056400	1058150.964720	202268.998399
36081056500	1012851.757420	192223.026037
36081056600	1056766.890720	201603.917380
36081056700	1014154.226270	193192.420752
36081056800	1058107.357190	200086.646136
36081057700	1014553.494830	194467.595367
36081057800	1056971.293190	197348.210340
36081057900	1014731.153920	195592.660374
36081058000	1058860.668350	197112.867635
36081058100	1013698.366940	195772.558308
36081058300	1012630.538700	195030.469897
36081058500	1012137.017380	195913.819836
36081058700	1011900.932550	196922.576677
36081058800	1057140.591080	195795.966726
36081058900	1010578.418460	196593.540918
36081059000	1057172.097910	194873.044359
36081059100	1009225.734490	197380.818543
36081059200	1059259.288950	194994.817409
36081059300	1011238.959130	198037.949446
36081059400	1058789.023150	193861.972890
36081059500	1009671.287070	199323.900287
36081059600	1057162.261970	193371.723215
36081059800	1056160.226250	193789.256828
36081059900	1011380.066790	200603.389197
36081060000	1058205.312050	192619.219798
36081060100	1011302.935710	199863.152817
36081060200	1059523.334020	192165.269263
36081060300	1012249.095240	199393.669176
36081060400	1059195.875690	190683.890992
36081060600	1057646.634690	191409.427270
36081060700	1013682.570720	200723.056609
36081060800	1055986.925410	192080.723172
36081061000	1055478.099660	190882.644859
36081061200	1057301.355530	190169.548845
36081061300	1014985.268900	197653.209074
36081061400	1059347.243490	189469.937383
36081061601	1058653.621850	187775.177649
36081061602	1059350.336010	186241.998629
36081061800	1057361.421350	185997.272084
36081061900	1018364.988190	197941.177330
36081062000	1056970.146540	187476.357381
36081062100	1019518.550840	197968.081148
36081062300	1018024.404550	195926.642645
36081062400	1055822.489720	189200.254851
36081062500	1016853.767130	195860.387529
36081062600	1054088.054870	187783.831503
36081062700	1015732.363530	195699.824529
36081062900	1016717.096140	194667.280007
36081063000	1055311.822760	187119.049368
36081063200	1056227.228740	185856.139492
36081063301	1018998.670320	196013.076200
36081063302	1019969.131960	196310.847914
36081063500	1021135.305150	196061.481943
36081063700	1022130.425540	197338.518759
36081063800	1058304.056930	183433.345782
36081063900	1023870.318710	195742.668932
36081064101	1025378.911500	194017.549679
36081064102	1025142.118330	195265.491409
36081064500	1024722.612280	197615.581525
36081064600	1055715.868210	184493.956193
36081065000	1055037.792470	183281.566230
36081065400	1056367.741910	180721.984078
36081065500	1021024.394290	199730.755772
36081065600	1059265.298780	179802.797268
36081065701	1018464.216010	199783.943002
36081065702	1016698.648670	199186.792293
36081065900	1016829.426960	199990.930120
36081066000	1058229.079390	179325.374667
36081066100	1017019.137210	200707.719697
36081066300	1018240.131480	202021.867003
36081066400	1054988.816190	176576.583577
36081066500	1015719.418680	201461.108282
36081066700	1014549.578500	202422.355048
36081066900	1015870.578480	202912.043373
36081067101	1017434.178370	202961.082645
36081067102	1018563.873290	203494.404741
36081067700	1019612.405310	201293.666032
36081067900	1020232.711490	203117.802804
36081068000	1053578.721890	181179.303046
36081068200	1053489.682370	182668.412272
36081068300	1020542.284030	207138.748174
36081068700	1020422.961110	205423.301802
36081069000	1052112.523060	179952.100776
36081069300	1022142.436670	204830.877790
36081069400	1053583.575230	178325.897335
36081069500	1020972.749710	203826.351912
36081069701	1022990.607550	204098.746052
36081069702	1022458.417670	202521.912591
36081070300	1023374.068720	200342.886109
36081070700	1024379.545710	199903.957525
36081070900	1024626.308340	201323.682704
36081071100	1025631.002530	202215.264583
36081071301	1025261.873020	204326.253471
36081071302	1024692.447320	203532.972905
36081071600	1043678.806660	175119.469693
36081071700	1022582.751410	206162.753735
36081071900	1024280.519660	206873.856315
36081072100	1024781.271620	205706.457731
36081072500	1026403.496720	201332.689904
36081072700	1025873.205460	200370.328968
36081072900	1025229.348480	199007.680447
36081073100	1026843.287830	198336.835003
36081073300	1028103.471340	199481.122085
36081073500	1027020.443650	199594.354798
36081073700	1027704.617480	201062.799040
36081073900	1027414.934330	202976.439897
36081074100	1026642.804970	204646.208540
36081074300	1026029.969910	206108.428712
36081074500	1025275.887750	207452.092363
36081074700	1027150.734400	206221.339904
36081075700	1029080.586840	202412.344569
36081076600	1044501.678700	181841.638335
36081076800	1043655.144300	183238.045319
36081076901	1029266.165530	200359.484501
36081076902	1030227.319780	199856.351649
36081077100	1028921.282360	198955.245840
36081077300	1030667.581040	198788.317368
36081077500	1030732.714110	197666.210032
36081077901	1034913.851740	204183.782955
36081077902	1032799.085960	203563.720875
36081077903	1033706.962430	201362.797784
36081077904	1035771.786380	201999.465145
36081077905	1036185.919740	200718.673416
36081078800	1042403.687810	183565.562053
36081079000	1040757.573980	184337.519826
36081079200	1040705.850990	183072.848799
36081079300	1031013.222080	207590.957243
36081079700	1031871.767610	213262.997736
36081079900	1032081.637590	211471.872382
36081080301	1031096.667780	210721.317780
36081080302	1032426.158230	209107.497517
36081080900	1033491.867710	206691.183780
36081081400	1038755.509420	183643.171806
36081081800	1037213.571880	183617.573760
36081083700	1034190.104500	210708.014329
36081083800	1034318.733840	183534.548663
36081084000	1034831.304990	184867.086352
36081084500	1034058.428260	212559.686479
36081084601	1033700.995570	182456.619389
36081084602	1037038.679190	181483.047845
36081085100	1031053.568450	214630.216787
36081085300	1031997.857250	215174.311827
36081085500	1033109.218540	216083.900887
36081085700	1033271.194920	215143.889972
36081085900	1033897.413820	214388.532887
36081086100	1034706.372830	215056.595527
36081086300	1034130.983230	216679.073909
36081086400	1030962.790420	184640.886674
36081086500	1032686.674440	217186.770401
36081086700	1030987.768720	217248.866405
36081087100	1031015.559670	216081.561325
36081087500	1029819.956090	214835.712111
36081088400	1030170.634520	179121.915428
36081088901	1031824.116450	220881.841751
36081088902	1029951.979780	218633.434174
36081089200	1026828.551310	177698.190257
36081090700	1029059.681370	221398.054629
36081091601	1006427.563900	141899.353062
36081091602	1014628.442840	144058.561014
36081091800	1019647.190020	146188.913053
36081091900	1027022.480060	222503.393298
36081092200	1022921.175600	148011.412361
36081092500	1027239.546230	224394.130002
36081092800	1025064.125710	148711.822049
36081092900	1025391.626690	226107.839173
36081093400	1027770.826660	150042.357446
36081093800	1031548.306970	151458.876266
36081093900	1027661.694000	228024.495444
36081094201	1034172.563200	152414.692596
36081094202	1037230.713250	154347.330463
36081094203	1037171.976820	152729.669328
36081094500	1030981.173590	226225.819908
36081094700	1028178.121450	225523.474856
36081095200	1039892.883450	154266.331937
36081096200	1039963.319010	156367.989807
36081096400	1041910.683550	155750.199048
36081097201	1045290.309010	157758.438798
36081097202	1045320.255470	154679.169366
36081097300	1033718.310500	228370.664371
36081098100	1035191.654990	228822.106054
36081098700	1037210.590920	228034.678823
36081099100	1039669.085670	227207.208037
36081099200	1048878.894020	156217.698113
36081099701	1042457.433440	223827.154101
36081099702	1045189.638610	224875.820967
36081099800	1051451.739270	156436.480812
36081099900	1046065.167040	227822.896766
36081100800	1049644.555880	160076.795382
36081101001	1053876.669130	157251.058907
36081101002	1056057.617200	157769.840022
36081101700	1040125.307860	223363.084820
36081102900	1037594.173480	224934.318226
36081103201	1052149.562350	161117.943234
36081103202	1054353.514310	160395.852159
36081103300	1036964.823690	223210.091031
36081103900	1034284.217500	224995.946055
36081104700	1034001.751210	221614.133593
36081105900	1037657.321320	221238.410263
36081107201	1033676.460520	159311.129919
36081107202	1036528.474830	164200.179196
36081108101	1043322.304740	221029.639683
36081108102	1044683.922430	221497.470441
36081108300	1042072.352850	220535.301433
36081109100	1047464.986420	221571.161894
36081109700	1045877.102780	219996.591225
36081109900	1043343.318810	219112.787546
36081111300	1049796.225190	218895.650841
36081112300	1047616.207900	218540.271303
36081112900	1046034.708110	218215.955022
36081113300	1044267.407510	217730.788341
36081113900	1042249.625130	217776.911281
36081114100	1040566.088140	219543.499611
36081114700	1039107.798740	219236.171814
36081115100	1037535.624720	219346.660110
36081115500	1036383.487910	219076.975282
36081115700	1035447.948450	218978.199561
36081115900	1033899.899050	219363.774577
36081116100	1032528.053690	218703.455687
36081116300	1034331.938870	217607.818443
36081116700	1036207.265500	217012.688072
36081117100	1038056.340210	217421.755167
36081117500	1040626.061780	216766.760742
36081118100	1043157.080990	216053.637496
36081118500	1038597.696740	216033.083732
36081118700	1036088.418290	216086.599045
36081118900	1036164.558230	214947.608868
36081119100	1037855.125720	215009.373509
36081119300	1039763.423410	215203.521742
36081119500	1039806.685130	214358.982749
36081119900	1037008.160220	213840.539888
36081120100	1035766.608900	213746.796638
36081120300	1036179.644160	212140.192567
36081120500	1034923.037090	213039.004090
36081120700	1039394.123950	212876.030006
36081121100	1038352.666720	210885.472964
36081121500	1038029.777270	209112.313452
36081122300	1039864.833310	207197.994775
36081122701	1037655.319360	206609.233813
36081122702	1036141.860440	206359.502029
36081124100	1039013.213300	204131.599333
36081124700	1040721.853580	204602.396947
36081125700	1037487.350860	203155.006469
36081126500	1038661.996150	201833.281423
36081126700	1040265.184550	201796.498032
36081127300	1043205.668820	202581.148365
36081127500	1044868.853820	203744.147023
36081128300	1048477.592330	206760.281083
36081129101	1052446.707750	208090.444433
36081129102	1052375.601270	206068.197822
36081130100	1056305.620970	206635.172409
36081131900	1055668.026120	210988.598742
36081133300	1045410.099780	206006.076555
36081133900	1042443.227110	204809.267269
36081134100	1042146.518710	207252.143944
36081134700	1044908.571580	208251.707562
36081136700	1050693.274910	210536.674121
36081137700	1053494.259790	211622.441306
36081138501	1052131.254320	214408.972479
36081138502	1053611.119800	216391.626322
36081139900	1049934.534300	212580.389850
36081140300	1048015.833090	211996.426451
36081140901	1046492.923400	211433.771080
36081140902	1044594.412440	210790.244808
36081141701	1042095.282260	211056.540863
36081141702	1041241.032660	209067.294842
36081142900	1043950.127310	212985.279788
36081143500	1047843.919390	213647.285026
36081144100	1049682.909800	214676.364332
36081144700	1047246.008510	215088.867444
36081145101	1043902.442360	214468.198082
36081145102	1045664.852550	213762.392079
36081145900	1041891.559250	214123.855267
36081146300	1044858.141570	216028.698570
36081146700	1046999.600210	216682.909204
36081147100	1049789.902700	216792.625192
36081147900	1055779.083310	219870.668576
36081148300	1053714.718340	221575.601190
36081150701	1056324.776110	217116.554006
36081150702	1058779.357820	218682.828760
36081152901	1057977.521170	213631.389060
36081152902	1060600.700630	216199.051247
36081155101	1063193.521560	215114.459585
36081155102	1063107.110970	213077.617858
36081156700	1059088.981220	209267.649100
36081157101	1061997.167660	208502.316313
36081157102	1060468.831470	207346.786472
36081157901	1066108.600710	210736.582842
36081157902	1064057.378430	209585.390918
36081157903	1065291.947160	206757.244016
36081161700	1062585.631700	204952.727612
36081162100	1059283.754780	204829.142557
36085000300	962851.602824	172859.262927
36085000600	966826.475452	162416.640112
36085000700	961110.462278	174541.552542
36085000800	965451.955891	162229.129332
36085000900	961255.587972	173259.546247
36085001100	961304.841154	172010.278077
36085001500	959800.377300	171308.979610
36085001700	961703.547050	170418.745170
36085001800	967756.407647	158475.966891
36085002001	964435.402806	160648.104607
36085002002	964523.577499	158514.791944
36085002100	962239.903588	168666.289686
36085002700	963030.456797	166523.378617
36085002900	961280.430770	165046.291348
36085003300	960202.892243	167214.993376
36085003600	963224.598141	162004.447695
36085003900	958334.758840	165602.689186
36085004000	961864.267529	162924.739161
36085004700	957938.161864	163124.071112
36085005000	960405.055224	159479.673217
36085005900	956695.529179	167112.546402
36085006400	962450.156449	156877.295547
36085006500	955767.865680	169530.643272
36085007000	962313.798126	153669.260297
36085007400	966027.814976	156079.986446
36085007500	959010.766674	170123.219187
36085007700	959196.005477	171680.352227
36085008100	958356.030779	173392.006284
36085008900	955606.347302	173275.773577
36085009100	956425.114037	171356.463767
36085009601	959644.609566	156766.007056
36085009602	957820.887164	154528.701491
36085009700	953452.135075	172831.214427
36085010500	953199.664451	170205.038249
36085011201	959469.715231	150424.485290
36085011202	959067.452256	148456.703465
36085011401	956724.743359	152694.120515
36085011402	955097.203635	151038.786555
36085012100	953815.880082	167318.740216
36085012200	953288.704627	149138.009517
36085012500	951259.513476	168345.789999
36085012803	953024.468607	142416.430112
36085012804	954890.434692	145221.980932
36085013201	950197.989680	145062.742733
36085013203	944584.803728	139580.826531
36085013204	948061.422759	143115.523858
36085013301	951245.022363	170863.750186
36085013302	949992.856888	170706.079241
36085013400	951620.018332	146922.756729
36085013800	947608.985016	147147.819600
36085014100	949029.162622	168409.471630
36085014603	939805.364468	143587.238466
36085014604	939852.177039	139710.973253
36085014605	942534.303236	142861.894116
36085014606	944622.652406	144262.022550
36085014700	951930.018696	164911.965502
36085015100	948828.884807	165012.505983
36085015400	948634.331390	138102.486640
36085015601	941286.722398	136835.185041
36085015602	939275.167366	134604.201970
36085015603	943210.290401	135267.485093
36085016901	953908.365790	162510.047077
36085016902	953761.831634	160665.330622
36085017005	933826.272424	135829.528588
36085017006	936365.797856	139666.445127
36085017007	932023.831475	142806.799410
36085017008	934302.092666	141858.461740
36085017009	931490.876832	137237.742307
36085017010	929769.680799	140116.995735
36085017300	951406.093235	159818.379888
36085017600	935370.160740	132281.960224
36085017700	956041.484883	158106.695976
36085017900	951544.094928	153641.059238
36085018500	947880.082571	154869.114852
36085018701	948904.491611	161866.608731
36085018702	949213.884037	159372.556305
36085018901	945378.644660	162307.627206
36085018902	945915.819111	159810.922226
36085019600	929067.387913	128836.958584
36085019700	946704.004214	164089.034077
36085020100	946981.773672	166661.646385
36085020700	947063.073050	171386.352159
36085020801	925954.458443	139254.861632
36085020803	925688.729316	133470.932583
36085020804	928787.070560	134545.950446
36085021300	946214.468776	169574.028356
36085021900	944520.597492	170800.418620
36085022300	941845.976201	170881.396804
36085022600	923925.062567	139111.879963
36085023100	940855.705215	168863.734173
36085023600	923597.794849	126071.799744
36085023900	942804.630779	168657.681435
36085024400	918153.903178	123858.922280
36085024700	944898.066553	167925.728503
36085024800	916826.256227	127163.822166
36085025100	943587.683347	164400.719805
36085027301	942083.479006	157820.853372
36085027302	945723.870348	156271.162245
36085027702	938785.842229	150662.387045
36085027703	940015.382421	154098.345725
36085027704	942169.374832	152604.706324
36085027900	943280.466770	149341.376892
36085029102	932514.975506	158433.356740
36085029103	936822.918005	159173.032098
36085029104	938848.354571	162966.292228
36085030301	940971.424144	164952.887336
36085030302	940183.520536	166485.910516
36085031901	938915.822940	168942.782899
36085031902	938211.411947	171472.488470
36085032300	935544.246022	170704.861396
